954 2823
451 719
547 802
807 827
8 853
885 477
652 261
430 175
107 494
110 835
398 852
550 881
347 109
936 549
591 367
106 205
451 918
164 868
878 615
165 531
300 254
942 181
926 162
787 280
364 447
648 626
617 856
546 795
546 452
571 769
901 550
422 476
226 126
480 813
814 24
34 420
429 6
602 709
287 120
823 346
626 50
268 753
773 642
905 71
859 755
692 441
17 620
414 373
70 395
53 321
348 700
627 612
60 547
295 121
758 115
101 495
393 574
531 590
300 202
456 709
181 588
645 485
848 806
634 436
854 347
566 688
218 546
682 856
921 763
503 453
464 675
947 510
533 633
533 52
371 272
579 298
9 899
155 172
781 741
157 192
750 547
259 880
540 313
889 393
445 240
47 753
359 21
766 885
698 737
168 192
8 212
808 584
287 788
862 242
264 269
680 885
222 561
724 300
834 588
725 336
670 435
597 106
74 610
813 600
357 871
89 103
114 47
432 830
632 470
725 434
300 331
242 896
352 622
207 416
228 891
338 708
709 441
729 539
710 599
73 479
364 253
863 286
133 712
906 72
636 132
106 17
108 301
45 483
661 669
904 190
906 654
483 284
194 258
657 493
453 66
238 587
630 473
371 60
345 665
640 519
60 737
668 827
154 295
782 360
605 765
625 328
272 752
662 429
649 21
868 91
172 678
818 282
930 534
39 139
443 892
282 50
67 824
105 283
824 786
567 42
186 3
480 849
193 211
767 20
113 590
258 474
427 544
480 667
119 159
305 93
469 503
287 656
805 77
516 589
919 213
886 104
63 738
614 700
881 208
605 123
368 432
442 468
441 580
63 14
211 795
491 129
350 574
242 159
722 405
117 199
752 357
145 73
789 411
880 917
156 847
234 385
415 25
101 90
457 472
55 856
78 310
615 501
550 266
590 141
498 550
561 953
72 5
143 785
256 886
25 350
354 572
719 619
249 952
395 681
587 534
361 610
882 531
369 25
44 848
64 5
603 950
272 741
500 289
421 868
729 736
181 48
817 516
624 767
36 18
368 577
701 341
206 91
372 327
100 588
191 663
305 556
840 636
782 579
78 145
81 211
941 365
493 801
49 490
201 892
517 558
519 645
421 954
578 505
727 475
376 551
291 821
620 41
144 337
364 930
623 854
350 213
776 449
667 559
542 585
449 369
391 626
412 296
525 25
634 210
190 184
140 47
710 530
434 131
237 568
130 863
790 942
834 879
786 681
548 917
220 76
495 655
21 312
336 593
389 895
10 43
30 611
507 697
492 537
735 186
935 409
795 881
54 780
727 492
322 878
930 676
74 841
552 94
158 133
53 233
75 763
494 277
387 871
300 796
120 405
84 891
273 137
476 432
66 475
739 490
167 129
483 779
109 542
94 313
421 738
59 611
502 601
801 780
930 703
606 546
115 526
703 27
620 368
655 164
185 298
276 26
792 415
150 130
134 72
701 609
857 280
309 478
59 68
112 748
358 496
712 207
737 790
728 407
654 507
708 725
270 346
18 924
534 326
738 184
277 300
915 759
64 924
185 307
629 2
650 466
542 651
942 161
467 204
947 739
272 824
556 483
719 321
729 274
713 515
167 686
731 627
938 949
910 706
715 752
916 908
750 133
281 485
816 739
28 220
126 747
913 725
18 935
760 342
869 215
747 889
374 816
657 133
877 588
873 362
865 3
285 898
880 217
441 636
464 486
781 791
690 739
563 595
454 52
287 228
570 886
85 900
460 114
886 137
44 36
375 538
104 156
245 841
700 792
679 596
39 430
646 338
167 509
564 642
637 84
196 942
550 916
314 619
388 952
197 478
842 5
589 535
492 193
292 38
610 41
505 365
624 768
109 509
314 845
939 531
561 143
282 495
323 108
450 636
151 851
436 194
12 496
174 301
640 286
682 35
755 683
630 579
204 642
886 418
709 230
451 266
494 225
650 660
136 177
30 816
859 253
552 771
230 909
697 38
563 164
581 845
267 374
433 447
513 37
767 534
915 44
221 845
457 836
151 614
686 87
462 680
824 904
424 843
582 729
796 853
305 854
570 144
199 630
257 94
332 566
280 564
595 575
800 661
505 946
877 857
743 882
18 794
866 23
271 730
606 838
24 680
852 322
764 444
896 935
560 882
312 845
702 912
59 549
225 362
601 841
746 425
822 281
367 436
166 636
557 262
279 738
856 313
339 261
519 488
79 401
866 721
618 638
839 122
664 720
510 567
257 369
276 512
6 515
7 350
579 700
416 439
547 317
840 305
586 726
825 472
594 333
339 487
569 377
515 542
808 532
264 785
662 586
645 747
511 175
474 619
418 204
86 162
804 211
827 623
922 258
357 724
227 856
705 949
24 223
642 820
520 126
797 877
742 566
268 284
568 362
34 721
715 859
916 759
205 706
791 351
116 920
924 733
624 636
732 245
392 325
321 20
84 560
948 183
896 352
715 894
757 156
760 101
513 233
948 659
924 258
646 1
465 645
748 558
693 91
506 881
937 822
883 475
39 377
905 574
325 215
539 951
820 41
741 37
338 354
581 422
485 359
142 696
14 621
606 438
827 664
650 698
817 219
603 771
932 764
510 15
332 928
810 691
154 310
617 265
46 614
325 756
752 544
117 328
185 661
590 99
865 125
650 579
226 132
47 859
28 940
197 848
897 365
447 534
157 951
107 24
418 581
642 731
858 450
204 456
205 470
99 738
600 167
16 573
113 639
644 45
915 656
613 314
172 363
598 737
433 827
786 692
26 479
296 951
99 525
355 481
269 636
860 500
572 206
557 895
559 478
290 220
36 424
903 583
477 381
446 593
267 244
619 11
195 86
144 681
270 548
589 751
643 340
93 309
511 26
441 391
331 480
757 393
853 363
785 913
933 309
293 489
313 112
171 126
617 655
672 238
710 63
572 737
648 71
371 429
317 100
119 205
700 208
403 903
722 197
886 218
305 693
195 658
141 786
116 14
544 246
13 898
518 164
624 489
954 490
32 795
149 40
149 483
196 696
695 77
914 555
254 728
261 447
544 634
297 12
653 209
232 289
177 352
543 164
594 499
769 180
595 822
450 579
284 615
587 838
897 216
863 925
739 854
562 270
581 664
216 708
401 314
126 465
587 161
623 871
332 193
914 122
61 346
510 569
760 402
726 931
549 682
823 945
213 210
236 886
702 375
206 504
260 891
334 230
814 251
341 368
93 517
403 917
116 858
172 148
836 435
68 264
4 625
803 266
218 668
347 589
520 329
591 427
263 437
340 612
570 242
406 22
211 753
327 165
832 457
446 56
526 125
69 510
17 83
843 644
550 520
114 504
649 451
815 554
799 551
451 278
640 116
77 923
244 778
851 153
512 62
107 569
418 635
205 929
828 639
545 442
363 643
27 659
53 702
8 903
526 503
395 595
299 230
242 80
61 841
609 663
546 577
268 613
50 944
803 649
698 772
901 510
703 533
795 860
297 857
301 716
189 895
551 315
133 600
207 60
467 364
354 531
919 761
886 628
335 727
395 584
822 849
790 435
640 490
559 114
891 488
340 452
432 941
552 228
314 20
633 306
465 541
601 563
672 522
400 315
182 466
341 350
850 785
903 406
597 653
620 802
512 626
537 370
831 880
342 253
881 77
827 9
166 47
906 37
509 468
879 128
37 365
665 71
794 168
852 102
692 357
747 463
507 105
624 205
668 414
577 780
607 736
620 438
418 160
863 854
575 121
176 813
488 36
649 186
571 737
274 108
754 665
665 223
464 642
535 503
394 166
658 851
733 675
554 896
242 693
522 451
198 931
932 5
398 804
366 423
591 383
942 673
390 578
886 742
411 171
69 896
772 363
148 16
593 306
848 582
942 197
67 525
250 224
344 304
15 159
614 205
138 352
212 164
272 939
735 253
24 914
351 297
758 684
190 802
912 951
268 664
747 768
492 804
937 516
330 378
439 12
903 509
558 375
835 357
54 870
432 688
514 627
677 210
224 88
357 431
496 210
887 155
904 718
85 96
413 510
398 338
842 499
36 398
934 85
311 169
386 727
177 336
344 85
289 161
458 552
13 175
171 939
650 273
9 757
691 570
761 601
789 938
494 469
313 847
463 654
71 377
780 214
451 773
270 497
20 216
4 463
341 479
931 211
219 837
789 209
863 62
259 324
777 697
282 88
102 946
692 377
858 564
932 719
882 740
578 352
376 34
891 798
675 272
200 261
757 889
539 186
351 904
322 841
228 264
873 226
803 715
203 35
345 370
501 369
504 128
73 891
77 280
761 549
244 319
579 628
653 677
543 666
252 461
694 169
659 377
384 617
494 372
597 461
762 370
600 329
31 189
736 724
174 671
917 897
627 730
89 832
903 377
389 724
854 117
602 593
713 63
803 775
381 783
147 811
374 248
564 88
463 96
146 708
91 289
559 666
947 436
89 489
916 844
921 273
121 371
174 231
656 34
324 176
949 798
468 66
715 244
706 667
556 519
746 937
72 184
734 229
219 494
918 849
242 462
778 57
96 254
899 111
517 407
663 519
387 142
845 230
301 834
431 217
938 783
577 648
38 115
429 83
86 683
569 776
589 757
157 838
512 504
127 418
409 356
155 152
235 572
489 732
312 195
633 492
242 457
565 856
319 670
860 63
734 207
448 446
7 88
930 342
415 120
609 167
170 668
407 89
907 423
157 284
197 357
912 189
644 932
441 390
581 90
603 574
501 274
269 937
767 702
348 211
59 923
645 542
614 585
136 45
838 1
588 915
753 543
737 882
771 543
702 330
839 254
606 908
572 511
205 88
463 707
483 586
724 660
935 231
287 492
536 308
284 478
104 345
351 492
710 285
458 336
24 272
168 917
133 941
85 937
763 913
201 562
941 786
537 86
424 495
252 919
572 502
517 275
116 487
230 534
161 286
272 716
497 712
761 99
601 467
894 726
785 898
662 850
840 310
618 195
785 133
185 447
520 417
448 132
444 867
571 261
126 367
439 77
843 747
618 485
216 861
655 215
471 395
454 65
702 86
886 915
483 818
468 229
553 828
532 497
805 573
384 828
258 720
759 709
93 785
283 783
166 105
58 712
795 651
408 439
6 310
564 324
303 400
784 50
469 307
842 645
864 181
367 537
23 907
156 675
643 179
2 898
588 424
65 180
284 82
570 250
831 249
665 678
943 22
758 133
212 903
367 193
589 63
584 738
298 543
462 927
602 186
858 503
806 895
592 567
899 264
832 368
615 433
412 556
536 414
2 925
793 587
794 481
194 564
339 913
520 724
724 748
664 909
405 177
405 620
282 902
797 442
585 397
343 606
897 460
493 99
75 520
594 69
170 134
722 603
669 332
692 892
125 892
515 144
632 223
206 822
762 591
444 434
391 672
86 728
474 573
455 56
78 364
855 12
270 841
551 712
312 809
918 468
403 722
120 807
302 452
378 739
179 59
126 349
408 594
861 321
757 37
230 602
26 797
397 662
244 212
110 409
599 802
808 231
206 68
900 194
846 201
774 90
501 856
392 420
449 693
891 602
734 878
589 526
458 358
60 431
63 118
484 332
673 134
50 233
592 295
332 85
889 222
597 661
232 268
570 444
2 394
420 141
827 327
938 117
444 27
559 713
869 854
947 705
675 452
894 216
804 742
165 260
630 13
835 65
156 73
247 759
305 852
30 950
343 291
143 134
734 682
917 496
424 273
351 343
436 35
58 759
58 32
938 237
645 743
523 445
172 549
671 891
675 380
692 646
418 184
720 915
481 418
409 445
82 822
428 846
222 310
243 889
871 247
871 700
175 275
686 58
900 438
171 747
374 12
822 581
533 201
333 83
940 61
654 46
785 808
114 898
65 292
767 856
168 59
756 676
850 737
232 579
621 546
948 536
842 909
829 352
523 581
72 243
582 45
547 592
911 147
75 339
312 692
723 316
562 57
12 218
585 232
603 217
749 346
571 67
882 487
812 868
940 894
190 446
547 891
142 427
418 317
741 49
450 202
733 279
398 143
612 917
21 753
890 716
53 341
216 563
530 54
70 775
534 219
395 532
855 783
802 377
456 518
863 949
190 417
562 374
446 917
69 779
567 715
501 171
533 445
738 23
490 444
181 526
312 158
277 506
151 273
390 555
565 498
879 939
456 371
517 890
163 421
248 245
447 575
886 616
33 181
737 652
899 141
555 72
829 681
477 372
482 682
598 403
722 257
838 584
582 797
309 151
47 582
630 869
204 920
88 897
698 360
38 846
789 526
612 423
888 349
686 453
727 764
585 584
682 181
337 461
320 414
335 200
14 150
785 594
736 128
755 211
576 180
100 420
832 895
51 143
7 549
200 530
186 16
542 422
69 106
749 429
409 506
337 701
804 98
454 913
379 749
366 599
755 43
845 557
850 224
524 724
407 944
948 234
86 795
911 478
508 444
617 431
771 904
422 313
522 91
723 387
407 378
688 756
669 66
729 790
272 108
861 273
264 331
105 73
343 67
76 945
348 910
481 352
707 804
30 748
414 289
81 795
769 409
646 266
248 783
152 120
547 796
767 471
785 588
677 382
51 157
628 11
225 69
635 932
619 558
447 409
342 503
88 459
240 113
555 39
314 334
244 537
174 249
307 699
457 937
167 592
774 141
780 348
255 765
868 131
644 330
128 602
834 674
338 324
674 767
775 50
109 6
628 724
607 912
187 6
99 360
373 900
19 665
223 636
673 32
253 607
487 871
695 386
805 563
95 13
651 903
777 817
338 808
546 421
840 517
859 726
185 779
67 491
859 839
625 726
439 76
724 238
432 811
414 282
807 364
313 24
461 869
577 516
357 852
768 767
626 808
19 289
130 443
645 189
685 22
867 847
417 793
174 48
196 680
56 688
474 323
437 296
167 243
483 531
580 131
32 771
864 700
326 942
402 631
537 208
314 814
614 776
855 531
604 127
489 874
186 88
627 652
435 291
811 309
760 886
357 488
485 291
68 429
622 913
474 878
181 26
24 219
946 858
636 738
359 702
469 330
949 101
291 678
24 544
740 190
180 536
201 693
347 121
592 125
700 246
731 883
206 379
815 573
118 519
786 648
456 581
698 460
789 312
849 40
623 194
122 666
567 520
804 334
290 129
255 44
664 910
612 281
170 922
728 928
800 509
632 550
227 560
362 53
511 514
37 918
648 934
775 733
64 226
302 747
485 671
180 662
288 943
271 308
884 446
443 269
873 336
863 479
902 371
816 401
227 588
84 278
158 899
259 575
461 551
705 70
524 874
565 588
51 116
658 180
491 397
272 657
844 194
684 513
538 660
740 51
501 481
447 48
567 852
932 503
185 590
367 186
222 325
277 38
304 519
641 323
550 797
934 479
616 287
549 128
418 504
901 509
722 1
705 95
334 203
926 932
406 516
380 925
785 829
915 634
347 563
330 473
838 190
6 89
121 879
696 64
435 331
436 379
539 538
173 888
230 193
12 857
841 361
471 276
496 473
645 597
408 951
160 418
195 901
548 714
864 250
403 413
578 936
188 887
522 550
245 920
201 228
924 755
686 534
652 21
746 840
247 606
723 529
547 335
400 670
941 572
798 528
641 349
695 6
329 563
376 371
633 605
796 17
227 611
543 82
506 704
386 845
316 577
225 585
581 945
653 777
488 560
730 83
858 12
87 793
515 143
882 950
594 441
903 833
730 259
501 55
871 152
670 776
895 652
733 87
756 677
541 741
798 539
196 618
179 489
694 919
854 423
151 680
504 803
482 10
467 418
358 856
200 822
273 45
383 222
902 494
940 53
392 611
302 671
31 626
620 717
732 192
535 290
705 872
282 715
742 888
567 717
878 445
384 886
350 673
353 249
688 713
636 247
803 30
559 398
814 642
317 180
603 822
894 428
587 426
347 59
221 83
819 738
506 254
474 426
221 281
386 315
745 606
373 78
9 589
599 261
730 667
512 474
343 337
533 444
129 475
478 267
166 811
527 516
660 622
111 273
294 339
422 356
945 295
551 185
772 247
150 232
928 360
602 115
894 294
344 521
185 523
425 162
182 927
542 152
158 139
87 35
751 8
109 573
536 908
115 640
663 838
577 363
427 166
601 759
672 822
865 613
697 196
936 619
390 547
635 455
467 770
232 456
30 159
379 555
676 216
87 844
37 119
153 586
888 350
518 858
742 551
16 131
110 280
295 627
25 123
705 166
51 682
452 577
161 737
767 650
272 428
734 59
701 927
136 33
746 621
376 709
267 99
362 338
550 212
110 449
618 416
336 211
543 63
680 717
626 236
75 382
737 143
756 607
6 159
814 408
688 407
192 428
672 433
808 545
196 22
704 255
453 713
72 161
543 134
665 826
260 567
304 954
86 907
196 2
822 897
677 375
436 561
97 24
26 603
406 248
231 109
490 620
770 151
493 465
599 725
97 393
557 136
174 834
876 40
71 941
95 905
336 606
9 259
465 193
691 69
858 767
722 351
588 715
23 847
367 814
497 315
245 145
561 943
356 903
431 120
363 779
253 104
424 490
720 786
779 631
599 661
378 113
253 942
474 941
664 842
594 938
496 913
225 181
616 24
708 115
379 431
345 627
625 353
290 609
784 57
497 792
816 916
730 838
643 239
789 847
247 695
416 806
679 874
668 108
121 727
216 83
77 129
187 594
170 51
167 334
198 882
414 272
253 323
809 664
220 136
262 456
653 535
71 461
370 112
377 820
194 335
13 468
915 266
731 540
200 527
329 7
682 456
518 9
522 529
304 830
762 10
254 924
241 547
97 412
170 631
172 56
552 521
553 635
538 442
27 332
673 434
638 881
921 319
351 159
523 269
408 475
804 531
931 274
679 792
495 42
230 951
553 422
790 896
488 203
931 781
50 116
350 810
615 689
391 784
48 275
926 178
892 742
913 943
271 342
719 375
477 104
497 295
798 87
407 150
707 33
620 152
68 749
70 820
625 953
664 823
556 253
739 39
225 96
337 644
148 278
802 720
213 852
255 946
36 136
384 441
241 96
299 791
409 622
184 128
375 943
482 806
853 277
893 883
432 937
70 668
35 322
220 451
205 273
922 331
466 498
671 387
92 133
240 6
884 153
248 529
763 178
382 120
72 425
402 51
280 705
540 186
7 374
482 846
768 595
863 329
612 869
39 315
40 892
762 858
53 649
700 634
94 281
629 455
404 145
150 501
200 599
233 660
659 336
916 353
238 536
408 67
111 355
225 711
758 450
64 250
834 41
337 519
926 20
530 302
90 675
144 279
644 887
371 182
243 877
299 207
18 416
916 505
478 677
320 333
545 465
341 425
146 201
607 852
591 686
44 892
23 824
870 837
403 867
800 182
345 561
677 144
164 872
256 952
792 421
97 433
365 262
579 895
851 898
710 344
487 209
381 292
810 73
757 334
524 613
708 680
819 496
749 68
237 730
674 132
556 927
80 96
620 515
299 415
546 815
31 821
877 160
551 585
307 8
493 76
633 708
279 427
690 462
20 553
311 399
628 243
814 919
889 649
746 260
553 51
568 893
92 542
685 218
765 843
34 332
109 745
75 601
519 343
813 182
891 916
952 475
627 228
809 905
275 110
887 320
82 924
583 764
31 195
567 504
886 129
401 324
761 915
161 811
86 762
399 732
292 908
167 35
936 267
245 49
908 668
925 837
935 222
148 662
348 363
556 909
62 680
104 84
782 507
123 263
783 285
938 790
795 163
233 513
180 56
825 786
183 598
691 99
824 470
236 25
188 63
946 546
703 752
72 576
293 526
497 163
610 248
707 496
201 87
675 644
413 357
588 309
789 404
844 340
561 160
141 433
882 284
590 462
245 717
119 50
734 347
324 870
716 32
238 435
369 843
171 579
277 580
580 301
935 21
214 168
254 339
200 486
273 464
388 16
41 844
649 295
98 295
705 501
429 205
801 108
255 283
433 10
448 24
536 676
403 440
167 179
353 296
136 274
191 229
651 485
850 370
747 380
386 121
385 305
854 181
413 923
434 167
677 324
493 152
443 562
387 788
391 377
841 158
95 586
238 355
557 608
579 184
640 340
839 524
827 537
682 268
403 302
575 396
596 330
49 954
47 871
654 366
343 173
326 624
679 162
203 109
719 396
744 496
776 877
814 368
601 178
949 244
823 482
271 33
112 780
240 432
57 657
729 605
631 348
501 98
48 567
486 766
503 564
510 606
225 734
82 705
500 592
468 204
596 192
172 389
355 191
232 424
530 572
223 785
236 234
399 101
882 692
939 112
46 80
673 76
772 859
183 436
871 508
691 608
51 778
288 450
526 763
847 877
184 74
263 397
628 167
820 43
129 38
794 953
791 634
59 616
904 70
374 192
339 94
144 587
717 35
718 147
574 692
758 378
575 656
210 785
502 164
857 91
624 890
571 264
664 843
628 132
666 627
354 881
796 469
284 465
360 397
164 314
548 453
859 431
258 298
169 458
82 102
319 407
346 478
948 913
291 891
883 296
21 249
42 325
406 727
190 213
245 603
605 853
587 502
453 622
661 831
443 456
525 674
376 480
200 664
40 343
741 364
190 55
593 857
820 138
252 175
281 667
769 604
936 476
167 587
33 479
271 21
488 109
520 327
497 225
139 123
608 413
809 953
466 428
79 571
885 825
262 135
537 484
405 361
87 317
676 689
716 403
771 315
917 766
48 398
763 834
506 371
14 200
344 191
721 550
907 110
741 486
407 299
923 562
485 312
416 273
642 214
50 537
554 205
188 689
209 302
211 757
432 523
770 668
295 659
102 308
360 754
472 460
521 140
479 609
84 217
946 96
821 278
895 334
422 707
367 651
849 147
923 196
372 582
555 359
404 140
902 541
540 569
818 101
29 415
952 878
494 320
230 572
26 391
565 362
320 547
466 395
896 746
458 776
99 385
27 428
119 535
818 327
127 130
646 593
870 179
100 13
530 643
616 830
842 7
592 157
904 468
685 6
127 324
172 95
506 682
784 345
21 569
735 720
235 821
731 300
806 318
475 618
150 733
118 939
157 207
341 530
140 854
324 139
471 403
860 895
839 312
102 82
48 258
230 213
895 182
273 505
207 195
387 186
43 121
427 230
28 750
750 400
20 287
166 266
519 504
481 881
668 387
560 316
390 52
393 784
104 136
748 721
51 118
905 878
592 842
170 616
119 485
543 391
764 427
270 932
886 41
534 590
223 908
42 664
520 755
544 816
466 865
214 138
732 601
327 866
573 594
334 816
526 178
820 395
161 530
223 451
174 846
323 431
415 61
476 496
461 687
650 499
797 352
808 698
911 488
110 686
124 631
418 652
651 336
119 403
162 862
510 913
508 816
16 841
99 276
471 278
177 328
867 914
177 787
231 92
473 438
404 23
426 894
433 427
642 106
384 505
257 371
189 888
27 392
542 164
264 411
798 344
491 10
166 486
904 182
724 468
689 30
925 843
582 355
50 592
626 691
453 405
678 397
726 444
124 273
777 691
580 651
374 3
236 261
899 273
51 220
532 533
369 14
898 469
862 898
638 272
766 293
512 132
861 111
26 856
907 286
284 16
506 416
877 548
1 56
327 82
455 612
96 6
370 413
891 63
123 425
752 487
878 246
723 742
152 380
814 196
120 251
565 419
291 626
464 829
240 751
911 547
519 476
423 790
281 99
12 213
693 84
438 662
777 918
867 683
634 233
94 793
20 228
562 896
528 709
734 215
721 767
553 939
451 551
380 249
1 769
954 466
497 51
384 95
840 333
365 583
199 320
660 950
380 613
658 800
911 630
255 733
827 635
39 716
423 621
62 712
394 312
623 498
74 186
661 785
758 287
544 604
389 574
627 552
484 935
765 231
896 687
844 135
703 689
355 543
654 906
339 163
710 301
125 334
234 384
203 595
592 396
424 729
848 550
191 393
142 440
509 64
25 596
796 909
283 809
31 479
328 473
625 421
96 154
14 24
30 811
162 576
257 295
538 231
95 195
190 24
652 163
727 292
733 822
14 912
364 795
554 487
397 131
39 952
209 362
211 354
125 867
696 417
145 365
643 250
476 748
112 685
652 815
135 21
85 922
878 711
20 811
497 514
902 699
614 546
725 549
546 834
222 96
440 670
759 266
409 511
196 366
306 623
567 129
118 599
632 289
863 760
135 328
138 521
639 705
178 23
15 859
659 434
517 11
667 556
796 470
743 306
263 647
358 835
164 85
893 107
688 838
756 497
695 340
515 74
94 535
185 281
349 480
461 49
465 182
746 884
401 543
932 638
936 495
672 234
323 399
364 357
220 482
754 733
921 462
352 170
43 46
807 729
820 878
730 345
659 296
195 671
465 878
733 482
526 28
748 527
555 482
496 523
261 339
250 292
33 412
768 41
365 362
844 598
773 456
193 498
856 188
752 296
881 321
436 427
829 824
496 118
296 851
668 110
942 46
671 660
746 160
642 442
316 523
906 615
483 631
652 71
108 178
662 743
313 20
166 470
788 207
764 39
507 769
845 14
900 719
889 76
583 439
268 17
15 551
788 808
36 53
178 915
421 34
793 201
796 82
377 478
431 791
397 622
790 911
518 414
25 429
315 522
529 485
598 349
346 172
450 220
916 685
756 375
281 575
438 31
393 360
342 400
570 255
163 575
757 165
666 209
863 353
927 545
788 823
616 437
83 123
603 295
293 225
315 515
726 212
343 895
622 37
896 116
475 274
2 100
891 465
864 98
569 352
478 794
600 231
66 786
456 874
330 911
775 592
925 580
33 350
432 658
809 608
350 896
720 380
237 291
92 564
757 715
818 906
203 220
670 486