1000 9882
489 686
823 721
649 566
683 418
226 587
523 195
965 312
808 881
751 947
147 33
646 197
246 697
411 660
472 870
308 20
294 227
88 694
89 227
240 337
682 136
683 209
787 310
191 462
485 178
857 230
985 473
625 66
843 919
739 198
297 63
635 41
502 96
764 371
251 288
18 899
443 626
613 626
248 538
704 2
781 294
602 709
156 596
344 237
463 236
601 395
50 387
586 337
553 40
476 361
188 21
329 850
174 992
691 182
766 606
588 534
662 885
79 941
192 207
547 471
89 633
594 998
166 727
559 356
893 570
231 951
418 752
757 475
335 885
794 902
233 279
968 350
415 205
403 430
296 603
996 692
542 632
784 304
552 300
96 248
561 34
210 966
16 985
146 936
937 947
699 188
59 861
628 168
656 649
15 702
551 984
457 650
738 781
78 218
399 783
245 811
708 181
555 298
259 889
787 20
670 9
138 166
595 418
838 907
518 77
765 262
640 475
643 812
998 689
946 711
673 5
692 487
358 823
330 608
437 652
221 907
114 267
189 315
389 809
194 403
583 655
469 27
398 25
327 77
672 884
739 149
976 321
484 632
740 505
217 163
402 311
899 632
630 473
78 944
373 800
584 789
640 754
437 991
295 353
193 331
174 361
382 897
58 827
113 444
867 279
796 777
231 356
465 330
179 825
496 659
994 142
545 144
422 216
447 860
891 634
585 955
767 391
918 399
111 790
478 406
600 216
412 800
326 291
187 238
654 548
895 432
183 20
799 190
70 681
658 746
183 133
738 604
634 541
380 725
452 186
570 261
58 81
40 941
998 229
357 227
789 86
383 851
740 685
444 821
217 545
694 93
509 793
256 227
383 800
599 976
690 908
487 838
21 670
684 477
759 750
266 279
930 238
329 921
545 448
649 302
129 140
337 682
284 343
623 188
237 145
151 545
27 511
533 229
35 984
659 242
915 92
152 837
170 493
554 186
783 93
117 749
869 574
599 389
368 61
482 45
286 901
126 708
255 288
991 508
452 548
993 264
117 432
190 548
178 20
397 246
593 871
118 794
974 579
338 225
966 152
28 677
227 664
452 873
35 195
889 765
362 570
576 429
647 434
948 997
736 291
540 232
432 970
940 853
387 623
339 294
35 33
272 413
299 858
148 256
665 154
633 270
582 433
512 658
362 687
860 162
220 257
58 228
242 841
190 505
119 525
319 223
603 320
44 677
894 321
823 749
897 217
682 593
258 917
962 481
259 689
73 946
664 107
261 227
561 933
393 59
33 12
557 321
694 859
471 726
789 701
42 466
498 784
561 566
747 975
363 658
37 283
265 193
440 233
523 510
622 24
399 47
716 485
75 503
817 878
730 185
329 608
77 558
740 370
339 571
947 952
455 369
293 563
304 817
344 18
874 36
936 310
169 425
62 444
389 660
174 858
782 484
469 422
17 237
754 628
260 903
62 527
9 196
728 39
925 915
676 271
533 642
600 225
545 672
782 695
823 473
771 162
455 949
151 348
581 263
853 610
788 935
55 224
295 689
6 556
977 780
182 237
771 832
730 99
171 636
707 606
923 525
599 596
211 271
819 588
185 936
205 277
866 561
564 876
214 557
747 12
533 183
475 51
521 663
7 176
278 958
259 595
149 303
759 944
174 231
233 886
876 920
315 904
264 742
730 857
214 382
381 391
755 134
795 751
8 747
655 779
708 910
243 711
76 202
6 293
444 604
251 84
436 194
829 675
424 522
812 613
253 900
579 882
564 198
658 383
547 309
661 632
78 810
86 241
14 82
109 176
570 706
75 96
633 590
743 689
840 912
657 846
473 797
700 740
937 238
42 66
730 216
593 333
919 187
451 815
583 238
400 223
992 537
634 66
969 319
862 434
809 198
940 616
367 725
84 982
254 386
218 924
809 343
996 855
577 723
816 311
616 871
376 12
875 978
112 518
331 868
499 454
120 17
15 874
823 195
76 836
595 32
903 63
449 862
67 667
304 71
471 229
698 795
571 27
257 87
542 904
390 405
181 304
879 329
898 472
591 325
258 571
228 893
870 388
450 467
858 468
247 737
401 765
578 983
64 869
641 442
674 482
108 874
540 984
91 92
224 635
6 487
262 893
85 566
124 28
290 362
272 929
534 969
259 905
480 836
579 48
377 1000
587 621
350 981
996 47
686 86
88 740
570 900
873 414
351 53
317 357
583 654
929 867
342 792
751 692
919 392
460 371
136 376
798 543
142 227
625 109
882 660
991 10
691 326
658 5
934 222
916 957
919 366
869 143
505 72
503 557
144 786
643 376
296 109
299 866
508 1000
179 824
307 367
438 519
782 948
34 734
887 632
871 343
50 55
417 792
914 460
495 579
442 445
995 523
780 485
412 926
988 320
809 435
666 460
499 309
790 387
656 42
782 542
705 123
914 750
529 973
110 584
182 213
314 85
44 206
979 861
84 575
399 604
216 970
712 975
433 777
497 999
388 594
617 950
603 359
161 200
56 994
437 43
591 462
785 927
834 593
962 410
634 879
11 330
160 896
68 777
911 471
630 975
834 704
872 438
831 61
579 44
927 750
808 842
27 510
906 471
66 24
599 166
644 359
419 940
99 448
817 833
820 32
35 936
640 710
626 467
15 186
575 286
190 201
709 808
156 952
820 471
35 825
15 443
170 268
687 801
155 112
66 941
730 452
307 429
402 427
983 404
687 918
944 536
268 256
895 787
718 824
165 920
903 670
430 20
912 371
930 996
435 446
257 930
294 583
397 556
567 578
228 462
71 627
48 145
123 864
589 791
365 995
885 946
335 191
27 614
874 335
949 703
719 195
422 785
953 833
72 172
624 489
202 595
791 489
996 589
997 788
963 412
779 265
538 824
685 951
162 20
833 385
916 253
755 911
385 371
355 573
525 927
663 886
453 644
3 845
613 166
941 751
925 234
871 626
655 897
129 999
523 275
176 390
747 817
659 307
329 948
129 528
1000 83
599 213
270 195
802 579
973 256
830 411
688 432
415 834
838 902
694 634
381 693
276 711
8 445
713 940
386 742
613 715
227 384
787 802
610 835
674 709
834 283
468 13
643 291
771 374
442 672
819 621
101 941
691 47
480 806
441 460
407 979
454 458
957 289
425 720
136 541
598 573
302 110
322 888
884 730
689 796
35 254
664 750
538 203
611 563
25 436
603 995
231 994
444 766
70 420
733 124
96 111
595 7
836 891
853 835
324 23
197 815
936 370
491 526
628 453
157 465
550 892
348 316
550 192
408 121
172 242
634 965
654 942
732 474
509 879
224 737
484 179
391 673
765 30
683 279
833 678
690 696
730 806
512 413
4 745
186 660
264 886
800 664
341 872
323 277
930 279
345 365
825 59
313 271
25 643
892 101
984 160
878 48
241 29
207 768
333 581
622 53
164 757
722 887
264 35
142 4
645 147
374 227
49 908
145 113
477 893
168 887
562 706
728 230
182 787
329 381
479 822
630 157
351 916
672 509
135 301
936 418
370 930
701 126
960 56
326 41
583 382
110 992
827 968
362 877
654 479
988 381
680 54
737 955
455 920
84 838
505 751
629 238
975 22
898 569
305 128
487 664
629 159
405 101
387 934
28 908
771 972
828 683
940 941
10 294
855 322
665 450
336 312
998 334
620 724
487 975
243 155
67 73
659 397
259 891
42 649
828 888
426 232
464 43
707 121
711 673
233 738
310 622
207 966
815 647
781 819
678 645
915 213
147 63
480 820
212 183
967 857
734 636
674 102
864 682
649 18
762 621
9 947
657 527
270 42
697 510
240 383
77 612
62 136
819 300
459 940
597 142
302 490
529 358
681 163
227 297
563 131
305 663
584 870
568 363
509 516
942 53
653 910
620 455
9 449
973 925
266 669
81 751
636 697
178 764
418 560
421 683
5 812
193 516
527 683
662 902
724 187
616 836
980 301
12 207
331 771
885 360
278 782
372 93
210 80
529 972
514 56
936 986
707 537
637 328
650 968
693 726
885 394
178 264
788 301
725 854
409 664
456 442
73 523
826 203
140 922
295 188
522 192
617 70
42 365
828 796
656 917
52 262
308 168
939 6
877 814
950 666
240 445
989 928
99 370
597 479
172 766
930 462
604 537
455 105
486 202
479 103
7 716
428 807
195 564
415 783
713 951
75 90
683 795
995 29
961 413
246 385
74 626
156 953
325 542
625 8
858 742
751 568
221 605
151 886
448 487
840 937
855 750
772 226
408 789
501 110
729 139
602 699
401 197
715 488
679 525
538 419
645 397
683 598
832 140
227 722
611 332
58 588
661 208
739 335
813 684
819 295
785 139
36 27
79 817
775 624
614 472
107 422
605 187
823 356
222 629
119 971
245 316
841 29
842 302
861 66
720 858
144 330
842 433
220 509
998 47
295 493
386 395
63 913
963 415
46 673
529 569
894 101
73 709
880 723
555 569
723 383
112 783
54 239
441 218
390 237
671 372
142 578
324 353
42 702
629 538
264 716
285 74
330 822
592 864
169 561
96 639
594 274
405 593
466 778
73 657
548 679
143 205
200 525
509 541
630 859
207 958
485 900
584 856
122 981
952 807
34 543
171 268
806 353
330 678
991 175
424 703
830 107
833 261
467 515
169 216
861 687
200 890
274 417
477 678
208 677
174 638
820 436
291 702
130 736
893 103
574 255
260 867
644 9
238 752
131 214
147 228
486 706
736 645
348 731
350 377
317 848
178 54
159 450
738 222
43 310
814 155
139 417
545 678
288 713
715 754
480 161
478 620
266 548
505 722
348 104
809 394
975 61
300 779
525 510
323 698
140 318
662 57
132 988
701 541
619 380
529 916
489 87
548 533
935 624
77 328
224 900
225 445
949 948
788 374
702 724
884 159
412 528
279 841
638 906
395 340
440 331
547 854
86 806
203 540
721 991
428 427
506 583
73 940
484 294
385 163
428 411
881 750
450 30
531 795
642 640
493 92
313 270
595 672
82 949
66 46
303 431
773 203
562 782
369 680
428 856
748 613
232 113
812 340
643 723
477 537
907 778
416 360
431 440
880 260
273 938
477 650
351 241
78 859
855 545
549 886
74 342
200 997
256 823
400 726
829 454
516 285
118 55
529 266
403 953
709 289
423 175
808 238
739 310
444 272
908 825
395 982
434 944
878 847
791 108
776 411
135 904
339 58
874 482
359 110
151 321
36 162
443 160
262 420
870 201
373 431
432 447
224 49
336 539
854 829
158 868
340 911
34 334
823 114
20 781
814 883
963 343
565 567
488 885
215 226
433 993
954 126
349 632
407 411
69 19
138 67
417 152
589 354
150 762
335 682
244 34
661 230
603 62
29 924
855 16
911 354
569 383
114 36
940 498
9 208
82 518
548 767
588 316
626 203
27 393
392 183
263 748
274 199
20 423
868 227
852 744
284 108
531 21
768 417
769 920
844 116
536 957
226 831
722 856
798 541
167 636
217 43
643 604
493 755
244 655
834 209
503 446
794 486
731 603
379 711
810 326
633 729
444 72
282 799
429 924
416 745
203 307
494 790
79 876
335 278
118 898
987 975
252 860
292 507
593 888
776 296
140 183
591 14
219 662
36 992
165 708
880 287
44 539
351 681
631 103
490 463
399 779
684 587
645 731
390 698
369 798
41 616
116 52
576 338
927 118
140 868
380 609
656 190
974 183
794 473
28 913
31 466
586 903
698 829
561 67
232 455
582 475
125 4
842 636
155 891
64 980
85 758
572 745
549 859
441 46
850 818
923 898
822 180
254 602
973 56
885 860
622 289
270 932
842 929
864 581
231 426
685 929
242 228
228 343
470 508
919 569
801 346
30 628
308 382
259 274
612 140
795 868
174 611
564 47
434 969
486 608
985 135
89 506
827 676
832 286
904 955
195 794
936 919
574 290
636 623
198 86
951 652
553 101
572 199
40 48
779 859
356 902
16 457
913 861
109 698
704 102
129 287
872 791
603 921
974 673
409 562
196 480
469 948
90 542
872 580
910 810
99 598
91 504
509 841
495 394
171 320
355 575
873 62
876 764
570 6
169 679
161 802
741 511
190 335
467 966
104 908
826 351
241 277
95 694
96 624
355 797
851 640
85 492
259 835
734 795
310 599
518 806
191 240
730 98
588 324
181 810
57 244
129 647
78 674
597 498
29 358
508 837
752 581
576 691
192 652
356 407
929 809
804 899
736 969
308 338
700 620
43 743
467 499
51 240
699 796
91 755
544 63
598 230
485 983
161 993
770 561
957 93
338 527
412 726
288 492
680 830
365 530
518 886
525 138
909 43
213 942
54 610
221 499
496 734
156 578
482 593
583 426
239 531
248 190
230 498
668 393
914 677
24 591
79 235
287 30
92 102
167 628
520 707
766 482
275 559
444 666
564 879
600 544
158 920
107 560
628 118
497 988
573 691
525 560
31 315
966 898
898 610
438 299
286 399
59 674
655 630
432 976
159 391
785 988
272 809
973 111
441 102
703 858
46 783
195 435
164 898
256 349
620 862
63 72
179 310
25 641
356 341
564 338
221 881
220 804
811 395
133 171
916 657
337 512
380 560
229 562
527 511
730 233
179 357
622 59
72 865
990 703
94 368
846 643
960 638
43 690
869 738
863 398
588 78
325 981
648 26
903 962
208 529
616 430
819 211
144 809
169 394
286 851
508 967
950 754
149 14
485 336
231 205
610 63
974 527
386 12
170 887
652 311
662 142
233 505
585 876
537 721
554 529
390 735
563 869
693 990
620 786
178 317
586 142
516 597
372 123
301 65
106 43
2 894
646 575
617 701
858 689
250 778
896 414
79 493
124 714
840 235
15 533
76 549
516 794
925 681
138 64
474 472
243 157
483 394
543 368
910 909
802 42
569 269
661 229
943 499
367 772
206 642
981 632
806 637
242 110
960 781
741 152
749 448
161 508
663 591
902 819
155 730
263 751
801 204
894 969
346 803
646 308
812 580
893 585
341 108
269 511
146 10
374 426
479 402
155 504
999 731
892 361
41 497
888 812
1000 730
529 356
782 54
205 164
666 535
4 146
621 135
511 99
260 971
500 464
652 501
619 874
636 580
32 954
752 73
188 53
56 984
951 728
241 492
120 442
174 226
658 599
40 258
888 454
119 918
672 967
173 405
676 951
438 70
794 294
715 443
546 391
287 871
825 580
901 999
12 44
595 174
667 717
708 503
176 32
285 322
362 695
714 139
76 585
538 850
448 145
45 322
531 519
987 217
756 266
115 386
595 908
669 365
876 177
621 628
432 920
402 704
848 272
702 463
176 678
971 474
509 631
530 118
423 171
603 183
259 631
282 700
924 867
424 770
398 78
735 291
132 158
872 195
434 418
904 94
959 952
528 858
783 206
571 988
679 297
386 688
378 763
801 780
562 569
523 537
144 994
697 762
455 286
278 381
669 612
819 11
508 920
278 656
313 882
620 37
731 836
681 447
420 85
459 569
957 282
80 818
620 180
912 133
408 420
559 427
988 295
577 664
561 307
796 702
81 709
915 228
783 928
789 291
232 518
139 242
124 556
73 378
609 408
594 204
222 661
461 963
443 344
210 197
764 48
881 824
182 39
628 19
901 987
573 686
34 230
572 926
464 215
713 388
876 944
295 162
414 884
788 33
369 479
369 715
579 124
545 316
211 800
369 424
620 844
213 279
30 695
267 675
414 534
164 845
804 155
5 123
502 895
716 481
812 571
604 294
848 824
445 12
80 466
544 449
139 999
467 498
877 195
845 524
30 520
578 224
887 366
875 430
810 75
516 62
866 167
390 839
373 917
355 438
585 533
767 357
531 411
285 944
316 59
706 719
486 879
770 848
153 850
199 78
576 757
892 853
112 399
130 34
51 165
67 901
103 67
982 834
953 868
396 690
864 281
148 450
520 629
776 735
10 559
447 630
893 642
612 894
150 259
561 424
462 434
713 245
966 737
608 909
326 576
186 95
849 501
558 495
944 399
854 902
715 816
370 291
776 908
779 95
875 566
495 425
812 29
962 430
194 964
665 261
791 771
416 293
509 590
556 937
461 299
337 869
726 281
750 403
626 165
4 790
475 755
106 120
528 52
262 695
692 264
513 230
677 604
623 240
661 531
989 998
39 419
378 349
342 240
143 449
551 452
37 118
866 502
665 833
117 560
208 643
136 480
450 704
430 378
77 388
100 512
174 779
796 229
239 53
51 124
644 444
867 254
173 433
819 67
984 125
444 132
871 303
373 905
880 194
594 592
410 135
28 634
124 775
657 398
880 849
62 777
358 160
257 337
269 721
110 705
310 263
936 850
899 358
719 105
496 985
235 452
534 22
991 773
704 333
101 275
135 336
93 687
703 522
542 908
381 319
985 817
858 545
532 865
730 874
717 346
590 920
718 888
461 28
776 936
797 706
343 24
842 681
609 674
646 899
167 974
25 977
779 200
327 516
129 947
43 213
523 207
856 800
214 158
161 2
859 87
643 898
172 902
1000 31
485 473
540 488
782 362
410 122
39 327
5 435
762 616
986 880
694 545
133 287
725 469
356 424
967 120
357 534
958 325
407 193
799 835
212 239
839 66
296 194
259 470
155 25
868 57
726 848
623 712
247 459
166 443
227 699
675 943
586 382
948 633
165 881
773 626
44 646
316 483
653 28
984 397
253 536
861 857
737 875
404 526
153 778
603 782
362 240
839 902
182 399
810 664
405 420
512 247
84 869
344 522
936 846
508 424
595 192
958 745
64 935
103 510
324 505
383 862
349 602
747 555
17 741
932 591
883 27
591 458
615 496
394 346
911 467
418 324
96 598
172 987
910 537
17 926
401 511
219 272
481 841
158 429
473 413
632 688
498 888
252 335
743 791
788 534
786 140
109 227
56 401
44 297
916 639
97 763
976 290
411 113
48 789
911 772
152 369
204 904
227 505
139 843
790 811
153 603
536 950
174 835
390 286
342 629
291 997
942 324
28 412
691 68
731 839
149 624
282 19
266 700
250 399
166 106
853 585
126 133
41 569
585 449
379 671
897 784
680 128
421 942
174 366
803 90
914 865
920 478
188 542
62 332
965 306
163 840
366 833
917 63
979 746
263 221
680 432
208 318
51 792
751 199
347 133
459 463
846 233
67 2
693 378
692 499
739 532
78 390
280 377
946 934
488 508
90 80
5 233
99 258
885 943
601 580
428 736
252 508
954 616
846 570
99 403
743 528
695 723
369 137
29 277
341 35
731 743
201 592
218 478
679 383
312 791
820 303
520 427
31 685
606 275
353 351
523 945
779 182
264 476
718 792
369 725
904 808
682 703
715 358
808 132
19 735
884 695
300 992
948 672
828 462
672 244
705 220
573 382
617 566
852 299
441 62
707 581
104 558
287 937
769 186
885 998
278 676
873 510
72 91
906 964
100 363
159 720
976 896
52 352
217 145
986 345
492 738
882 342
773 389
778 109
835 84
379 304
95 660
9 185
427 230
122 530
543 700
820 855
695 529
54 411
186 746
668 387
526 993
55 871
403 510
665 983
226 679
170 599
583 673
569 179
809 764
218 94
653 563
80 447
62 355
752 321
70 146
790 615
117 337
243 906
77 38
959 576
874 700
654 22
145 6
530 528
867 225
500 510
852 139
155 173
984 3
24 864
562 288
925 882
69 240
126 483
883 676
177 151
970 988
444 491
230 412
343 727
36 173
98 610
491 411
546 880
441 870
620 562
489 48
785 515
346 459
112 793
284 901
871 835
621 876
233 59
675 44
404 30
298 761
447 472
712 39
971 383
453 695
771 750
372 569
944 138
320 630
519 133
479 984
473 995
744 359
164 642
138 160
30 466
602 84
55 933
259 908
831 4
209 381
322 52
687 509
904 326
887 237
635 892
323 386
694 695
734 608
458 423
111 483
652 947
514 943
947 729
238 994
611 324
834 189
781 610
598 845
801 300
235 680
882 657
761 544
585 754
268 650
329 396
520 99
887 337
18 59
411 178
261 740
236 421
255 411
330 46
882 627
499 621
45 585
804 927
396 181
252 863
74 43
258 178
847 372
500 960
467 670
743 263
268 127
72 584
314 653
373 645
905 794
178 332
71 539
535 136
538 156
25 455
462 172
223 93
84 870
784 116
234 55
110 738
883 478
479 487
747 383
15 853
14 824
201 279
159 170
732 120
395 218
419 313
21 85
573 648
723 359
836 206
469 189
524 189
988 897
537 239
777 568
432 779
161 195
271 491
755 39
613 141
261 376
121 795
859 5
396 829
181 49
54 289
816 880
910 542
623 85
453 973
378 92
959 119
797 120
394 445
532 251
436 16
402 992
683 113
117 981
744 97
801 238
762 653
251 128
420 915
520 618
539 463
77 516
914 237
445 32
394 878
14 15
19 375
593 558
279 6
761 572
710 391
518 393
112 40
905 459
912 473
804 735
477 913
482 777
28 413
861 779
112 278
866 995
519 11
305 913
213 632
913 850
328 462
680 99
862 399
466 420
712 596
749 295
899 272
165 777
211 392
638 289
585 525
590 644
422 778
224 13
69 356
499 389
12 382
395 78
829 793
642 197
385 84
92 523
547 64
470 625
50 93
892 692
560 213
941 456
104 721
232 294
407 19
271 753
523 40
980 769
470 851
241 441
360 25
16 709
57 31
699 984
629 685
46 865
622 192
199 401
401 474
609 971
883 762
719 876
833 511
545 419
543 616
639 903
307 976
332 389
632 643
707 339
996 141
630 633
737 843
65 183
673 432
947 785
855 936
566 549
900 121
821 973
316 864
388 405
799 885
47 240
647 372
456 867
934 467
438 911
333 783
541 490
834 276
378 904
515 723
165 982
957 90
219 706
943 791
65 322
568 295
217 447
431 416
865 507
41 233
339 908
786 920
797 98
879 782
588 745
681 409
809 236
295 841
810 575
157 872
196 658
417 731
8 323
164 112
370 669
408 386
118 747
75 527
822 545
287 138
737 3
194 50
358 21
146 340
435 812
664 610
77 499
997 674
465 337
928 919
154 132
563 552
729 720
949 527
72 205
985 449
726 134
390 419
876 752
660 325
410 660
185 301
489 373
462 990
96 848
45 392
928 740
51 887
731 233
72 314
932 896
898 528
395 73
816 495
869 444
410 985
750 401
437 256
556 826
632 560
150 943
869 269
119 162
247 105
85 382
32 358
674 813
165 438
114 286
556 713
743 969
1000 451
35 918
606 780
929 849
207 700
27 298
838 630
930 613
473 246
22 611
939 497
616 258
619 613
265 706
217 249
697 711
661 149
919 320
766 871
343 356
790 471
94 32
459 741
886 12
409 440
835 862
364 286
478 274
743 482
972 174
469 565
953 932
153 63
700 439
127 470
49 323
286 624
55 173
208 707
700 622
25 490
253 852
235 297
161 696
534 165
537 327
851 35
339 375
638 377
452 62
993 246
81 988
499 125
100 926
880 341
424 251
379 512
534 374
152 48
724 608
837 719
175 936
785 812
73 530
720 467
591 496
150 766
615 462
411 771
546 179
929 313
534 592
224 625
579 425
483 284
321 425
381 421
521 480
545 821
171 162
330 536
792 269
226 729
703 89
649 859
851 810
247 77
213 461
93 806
802 378
87 484
750 28
203 235
459 69
846 627
852 756
503 148
219 216
70 601
786 166
968 733
346 721
916 613
757 689
114 661
304 913
427 912
415 935
145 199
740 304
36 757
598 178
199 925
203 422
706 352
32 846
394 941
696 293
643 382
972 498
247 896
156 743
396 182
571 512
273 325
700 484
247 727
669 583
572 174
614 561
4 304
176 743
799 385
413 710
880 895
205 612
496 616
745 567
743 389
909 850
724 713
149 941
915 977
214 653
789 381
186 162
314 95
81 824
654 841
34 366
695 103
736 124
295 341
907 95
30 130
346 351
402 541
111 989
148 795
391 855
30 45
124 344
622 459
493 365
314 288
336 424
634 873
836 309
188 36
785 921
185 53
827 909
629 690
158 256
143 244
20 353
648 522
721 180
705 559
194 863
412 155
855 161
829 582
665 541
617 500
377 639
433 829
659 251
553 540
551 57
293 281
665 910
5 405
891 98
359 520
968 761
992 902
265 649
715 129
401 57
809 836
22 555
616 346
583 910
990 916
424 117
939 598
543 294
374 489
835 649
36 802
311 504
131 14
170 552
207 930
395 901
231 22
519 981
886 278
763 729
552 62
989 23
101 631
905 902
574 885
475 270
314 896
577 526
853 937
893 876
570 830
179 726
918 895
357 303
841 866
805 647
366 839
372 348
689 438
117 977
238 381
55 345
980 770
713 393
107 886
879 508
973 71
918 712
298 833
247 358
543 309
929 225
656 615
76 334
404 309
498 184
19 992
217 800
753 438
381 621
829 665
259 967
498 779
308 56
790 908
590 402
777 23
616 9
288 36
554 451
151 947
78 721
62 250
815 408
874 932
393 367
982 121
352 966
117 714
47 243
950 820
403 563
408 967
401 202
878 602
112 85
902 901
900 408
922 752
960 419
779 857
782 924
16 267
753 732
2 338
648 320
832 237
154 393
173 475
841 369
37 380
60 51
245 505
173 364
992 8
545 697
72 897
435 529
738 330
922 5
543 856
857 616
767 213
658 523
534 158
613 734
974 977
922 180
135 833
709 108
76 863
244 421
515 401
861 466
555 651
93 840
976 612
647 187
150 497
262 223
543 122
121 519
672 881
572 666
632 117
599 691
858 507
626 623
496 976
664 176
93 618
186 444
100 282
524 484
712 156
91 73
938 450
439 691
208 171
394 272
933 717
823 553
668 20
333 861
549 876
423 35
272 971
310 567
95 807
385 748
114 544
975 771
445 788
891 204
229 941
216 452
364 708
347 574
612 98
722 734
706 251
997 424
565 180
694 600
445 143
972 154
552 764
562 922
193 69
212 743
378 203
677 443
700 677
283 116
231 410
550 10
455 739
921 619
539 212
118 955
228 776
344 868
697 928
862 42
311 288
684 830
832 201
904 710
409 296
852 4
553 506
965 711
27 774
287 216
552 103
989 46
558 189
216 976
747 4
353 805
961 678
676 927
572 856
941 109
764 688
893 788
318 531
893 901
612 627
828 528
557 174
137 675
689 510
945 852
876 868
661 112
833 747
851 606
10 2
284 677
391 643
927 989
452 499
66 267
276 840
594 324
885 835
924 629
291 889
927 610
569 386
474 59
660 47
976 140
378 895
726 312
692 376
655 884
531 826
713 675
467 907
989 854
8 181
260 492
562 860
925 462
638 615
840 761
252 661
536 898
956 539
49 849
752 272
991 115
558 690
631 8
726 996
909 316
602 318
661 903
331 364
317 177
264 291
193 323
781 322
450 594
805 76
628 929
379 911
778 820
364 259
221 55
828 1
25 340
174 119
33 865
383 263
836 923
451 447
110 736
40 742
457 786
558 72
317 742
487 698
201 277
713 752
63 635
270 771
515 388
438 501
149 142
812 194
279 799
48 31
730 599
475 112
846 97
793 155
426 818
233 934
732 408
664 232
2 531
814 626
812 768
889 160
341 968
547 789
220 603
573 985
833 608
116 612
869 98
945 594
858 849
384 718
578 724
171 150
869 499
526 556
358 888
180 104
330 573
592 920
441 892
647 724
530 482
825 230
682 185
333 519
856 716
594 76
330 799
437 537
4 92
740 326
890 311
412 297
658 465
808 510
865 755
256 837
813 883
942 927
531 274
411 981
210 603
305 693
587 219
143 585
681 18
499 108
630 223
669 529
908 879
545 547
724 883
804 296
795 168
187 294
658 708
387 296
852 60
546 995
288 675
37 296
619 104
582 124
106 845
490 44
272 247
715 605
370 710
477 290
225 201
244 211
941 147
966 366
625 680
976 746
483 669
263 56
391 7
818 305
432 124
326 600
261 535
29 539
598 980
249 547
615 959
186 54
613 461
730 555
379 459
181 369
474 493
660 429
600 871
648 713
99 176
345 953
372 627
103 765
252 597
646 71
152 263
462 612
431 735
730 588
882 19
185 449
683 462
332 48
623 216
570 980
40 695
502 883
783 8
660 709
666 774
276 718
852 804
605 819
245 946
40 981
416 683
701 256
167 420
60 317
216 182
934 142
117 378
564 455
106 360
255 460
19 514
421 442
114 904
616 454
709 535
107 205
805 4
830 937
942 359
784 769
469 543
642 355
629 497
22 129
524 835
430 170
718 569
870 640
904 521
27 682
540 341
197 246
935 776
560 518
228 668
508 636
948 961
596 334
862 651
556 466
956 468
724 872
529 910
297 834
619 259
819 965
824 729
355 693
319 362
565 590
358 708
654 945
366 211
742 862
798 220
492 733
664 32
280 297
82 653
284 753
926 160
450 233
12 672
696 753
660 20
309 162
938 338
902 185
872 466
284 352
527 292
124 103
441 843
61 626
206 581
228 389
892 124
195 724
507 198
643 840
111 456
277 440
942 852
744 955
484 766
450 826
184 146
256 751
963 616
610 911
296 347
474 813
246 451
946 397
929 792
868 922
91 722
477 821
260 845
287 243
105 914
87 774
438 640
38 334
683 519
831 939
675 951
676 452
365 753
404 647
521 81
905 658
549 35
736 534
53 948
866 937
671 720
693 936
286 630
810 672
150 193
614 410
207 16
124 315
528 497
658 620
3 417
595 443
874 142
603 964
451 339
380 603
822 358
70 507
76 892
992 93
784 51
261 69
634 289
851 259
335 914
980 613
855 347
729 931
162 882
310 212
917 116
186 494
738 460
121 659
569 679
163 914
93 589
672 611
150 578
215 990
197 703
439 662
280 261
209 225
564 541
360 83
252 65
380 142
623 50
397 547
972 985
4 859
955 749
208 950
246 658
714 697
657 631
20 441
821 140
697 406
902 967
356 453
873 565
752 386
899 521
169 190
976 314
941 57
853 140
891 969
284 153
179 501
825 427
130 563
710 414
821 991
75 149
912 496
342 621
457 469
682 262
847 704
633 844
247 167
135 708
134 921
672 272
280 838
205 768
614 676
175 308
733 362
511 332
897 918
608 764
884 793
741 944
285 609
10 528
672 621
126 252
599 530
476 27
115 845
188 903
561 411
338 20
619 429
750 634
733 189
701 607
906 697
724 928
232 446
858 670
732 123
291 359
898 261
422 975
495 15
867 952
232 461
103 506
682 723
862 893
885 516
744 424
142 617
807 329
129 866
940 174
544 911
262 966
998 508
980 863
929 219
786 708
604 835
362 594
200 393
789 831
885 806
949 57
907 87
777 872
595 753
483 139
431 683
638 561
308 38
402 991
497 475
902 784
820 326
670 268
360 877
65 469
165 332
847 864
528 971
556 659
958 605
583 874
535 519
332 322
770 692
667 292
357 90
106 758
303 48
286 816
496 458
61 126
743 582
246 186
912 476
966 163
549 921
314 586
425 851
299 838
255 405
658 771
878 926
370 997
386 94
50 211
838 120
514 322
700 121
996 896
188 837
743 181
366 760
936 159
562 201
504 385
512 990
724 726
510 187
572 914
96 91
386 275
558 929
54 964
720 736
202 603
172 119
644 896
428 9
11 51
906 20
862 974
484 120
337 193
7 283
414 95
458 983
134 78
764 991
629 162
87 106
195 477
878 194
381 506
826 345
557 407
336 37
264 834
896 845
712 320
548 686
878 173
328 585
483 167
712 431
17 527
933 521
950 633
910 514
756 952
78 676
482 373
815 565
742 767
964 589
43 844
283 253
665 645
951 810
199 611
881 42
313 582
77 549
479 465
111 269
194 323
341 400
804 536
808 475
772 62
364 166
923 43
62 421
856 118
639 341
732 729
658 212
438 596
562 312
61 579
88 143
329 171
239 680
793 756
451 600
309 858
771 173
849 701
421 620
225 123
927 278
555 948
645 797
62 993
859 533
107 264
491 617
441 428
891 307
611 648
11 974
898 346
479 701
922 340
873 482
232 502
858 598
361 22
324 430
201 445
594 60
747 614
675 133
327 910
748 416
402 50
944 226
229 120
341 542
821 356
482 705
328 647
113 663
699 904
315 899
744 271
933 965
485 351
937 648
831 236
742 953
747 789
811 112
691 550
928 308
677 583
98 628
616 103
889 871
895 671
222 335
26 762
874 902
855 585
915 400
398 186
971 84
40 946
899 631
170 317
388 372
193 244
106 703
551 289
238 548
777 454
77 581
909 359
912 405
434 73
911 745
53 657
518 965
425 794
306 15
565 229
697 934
112 194
330 153
799 537
371 149
225 22
231 874
740 851
728 955
123 947
642 503
236 754
935 862
183 917
754 883
638 493
141 385
179 626
474 622
412 459
205 718
851 36
600 484
422 901
148 338
684 296
85 16
551 748
936 629
499 239
525 765
285 376
219 252
493 501
479 550
558 383
106 326
732 438
55 643
685 776
524 394
711 776
547 891
313 81
834 757
859 170
808 968
419 861
518 59
171 172
355 859
835 197
229 894
124 132
881 263
754 15
916 258
475 722
167 184
356 375
867 105
643 273
678 780
539 630
243 735
579 857
133 916
51 272
678 927
971 227
113 255
259 319
260 12
796 462
929 747
826 853
499 851
904 55
590 972
763 242
984 197
801 401
276 28
566 853
810 321
444 71
139 691
801 514
658 141
36 777
592 550
745 905
106 949
602 606
269 957
2 280
919 191
120 745
377 254
843 489
348 777
495 586
151 302
49 364
343 518
111 538
224 246
421 548
558 223
286 482
768 621
956 302
617 754
727 621
228 255
417 482
914 886
917 437
232 618
966 546
422 972
243 33
45 299
138 415
871 867
216 979
103 501
533 246
438 378
533 701
906 920
266 59
584 50
141 873
506 546
775 238
564 579
414 770
642 545
994 800
78 431
214 191
161 33
308 902
807 174
366 490
995 470
172 615
433 929
86 997
687 223
806 482
989 952
938 186
811 440
697 158
907 621
553 513
806 381
666 800
170 467
134 368
720 265
162 982
930 569
57 963
421 162
557 886
484 518
301 737
325 518
75 35
522 622
216 75
1 865
40 793
143 194
305 683
712 531
269 80
625 354
819 446
197 510
236 276
749 552
581 408
374 654
418 620
151 329
260 715
245 403
407 676
196 713
456 406
741 979
832 977
500 71
233 324
953 840
127 800
936 815
404 781
477 337
745 417
817 28
893 873
804 238
828 502
686 270
923 680
283 777
693 562
250 844
695 68
557 99
431 778
203 221
328 797
94 944
884 306
480 584
786 662
16 682
256 217
703 815
650 441
190 374
798 113
855 96
963 708
551 875
792 170
920 927
265 238
798 896
893 286
640 494
215 886
53 87
237 218
441 813
902 866
885 938
844 213
393 259
748 633
70 533
199 179
679 229
740 405
635 169
925 293
673 436
235 743
117 727
133 338
612 215
781 422
143 649
298 155
578 250
635 503
563 338
359 271
145 29
535 264
886 36
944 795
942 762
700 312
538 399
369 712
761 318
279 191
212 130
505 504
676 305
457 125
810 571
850 508
351 601
10 759
600 235
912 231
331 741
635 104
822 745
920 296
842 251
954 401
257 167
735 628
439 91
127 497
286 314
508 638
749 856
805 582
171 827
542 523
764 687
102 2
339 460
486 173
641 330
399 622
954 243
96 215
168 548
157 424
653 483
413 862
487 589
680 451
93 758
884 231
668 980
480 741
957 877
816 79
376 950
380 902
641 20
442 788
113 517
475 954
152 71
318 340
724 703
780 633
958 226
76 286
811 853
752 811
180 268
74 779
237 813
555 328
919 811
795 761
996 174
377 986
379 164
346 935
939 70
781 663
548 346
979 756
843 674
706 246
907 949
548 929
607 23
597 256
93 547
285 618
291 757
329 522
916 141
708 59
133 438
286 952
969 634
852 876
473 875
91 724
413 193
78 978
216 3
530 93
731 996
808 327
810 509
869 862
969 340
740 973
870 532
212 166
883 55
157 840
961 522
12 220
418 775
491 967
461 675
872 854
559 734
248 80
581 114
488 607
202 513
59 904
900 834
228 513
802 976
860 94
827 399
958 759
480 274
115 363
341 735
289 892
788 274
458 925
20 900
167 887
483 546
870 434
747 581
819 848
949 769
849 245
985 981
413 68
567 359
147 360
441 907
51 708
587 918
898 867
425 415
464 435
751 62
955 171
108 514
169 898
725 765
962 193
446 33
88 750
218 369
181 875
437 657
475 578
204 188
691 690
873 571
716 39
891 988
460 357
544 400
303 169
86 299
951 877
791 708
204 866
443 570
152 829
999 545
148 989
866 246
419 885
527 879
718 810
91 542
562 174
745 904
430 6
602 607
948 583
550 279
292 483
945 463
183 843
849 875
280 538
408 591
886 270
192 294
551 146
625 560
149 824
850 343
908 59
837 107
325 391
914 740
55 34
662 14
964 584
97 488
758 999
643 782
193 829
641 257
776 876
304 29
819 910
805 751
115 109
298 567
116 210
903 22
945 996
158 987
729 957
548 327
695 144
898 434
997 984
778 263
930 3
659 579
405 979
615 494
217 607
152 302
815 829
997 186
502 584
859 137
795 673
243 412
925 62
599 203
640 434
582 240
954 606
829 578
422 24
742 721
381 679
439 154
839 739
281 921
817 895
857 186
765 513
512 903
200 839
39 758
646 410
493 909
891 983
138 645
756 131
930 681
679 294
368 40
995 917
88 919
839 28
363 239
878 578
865 609
22 926
463 597
523 907
504 967
748 218
35 57
904 818
376 257
156 711
430 34
586 412
895 234
625 498
978 738
407 822
391 461
49 318
178 410
987 848
850 424
854 163
861 40
496 904
434 594
854 878
24 719
923 570
46 319
486 134
287 947
35 42
715 956
954 220
756 32
25 192
447 313
344 499
56 682
409 722
484 306
671 238
180 351
819 795
906 786
638 998
642 915
147 307
521 578
775 205
561 833
781 912
48 284
860 475
721 123
205 170
152 266
47 699
46 874
750 629
589 4
285 867
717 160
721 293
86 429
997 432
545 23
764 413
565 92
568 240
380 406
330 687
778 695
670 505
692 81
70 677
109 153
393 508
674 599
622 769
381 941
293 27
614 945
796 166
143 517
171 343
832 370
28 335
687 925
529 438
458 41
296 47
762 110
356 979
433 362
519 932
171 826
409 193
715 749
663 389
888 295
761 31
980 255
528 392
379 940
303 522
162 650
755 53
696 712
853 331
860 123
201 466
58 429
721 667
25 220
997 830
928 795
819 966
751 259
842 557
394 58
158 19
305 461
953 305
717 256
664 180
299 235
229 102
986 483
882 336
646 114
573 941
741 27
523 216
356 127
656 583
381 412
384 794
403 38
537 621
503 105
68 730
552 775
937 543
229 937
547 524
87 479
234 881
933 555
420 754
275 209
777 55
797 172
564 201
973 194
915 417
347 675
242 439
66 201
602 439
948 223
970 435
952 154
860 995
423 735
136 487
65 973
781 457
692 164
805 451
369 905
652 634
339 849
984 154
639 506
514 631
58 811
610 236
38 999
582 862
355 858
286 859
986 127
487 206
235 113
92 542
714 88
719 419
259 129
903 728
10 793
905 663
391 388
412 929
586 468
948 531
99 279
308 777
168 197
940 611
889 125
50 153
639 169
404 992
12 221
641 651
681 666
701 711
353 825
905 962
466 248
763 882
605 107
531 484
699 490
97 316
634 525
569 970
684 269
527 758
859 785
641 454
570 484
96 355
212 544
405 845
690 525
422 278
129 378
920 58
579 287
228 247
393 926
142 515
34 920
422 275
168 974
261 159
635 532
284 466
242 102
958 816
542 435
411 735
473 394
401 421
275 124
481 919
854 205
394 319
40 626
113 108
868 148
707 302
69 777
360 899
769 919
293 497
463 513
341 485
255 675
458 131
773 968
573 712
156 990
469 257
680 704
118 104
283 453
748 247
162 782
731 963
243 872
408 690
807 888
212 84
231 152
35 501
131 934
518 822
226 376
283 891
698 654
875 700
352 462
776 416
141 338
495 965
900 513
83 63
451 258
177 6
159 114
306 482
126 227
36 401
353 837
616 989
466 220
853 912
344 640
880 594
55 82
917 435
758 535
525 654
139 95
585 483
966 544
358 331
920 376
774 375
133 629
480 319
979 727
673 512
447 157
965 488
180 560
676 669
612 531
404 56
189 830
461 57
997 967
889 710
353 440
381 354
788 422
954 906
578 526
599 996
342 375
716 640
57 5
441 934
388 891
445 630
172 978
601 704
949 6
626 149
898 836
595 754
215 733
754 49
938 184
133 90
798 836
839 360
363 563
548 875
104 341
179 421
806 194
114 690
502 53
929 757
627 976
131 343
339 664
92 928
520 5
98 113
45 534
853 399
946 291
340 54
213 800
126 579
363 127
679 519
378 972
294 739
64 153
340 421
936 701
681 423
809 250
738 48
169 347
978 739
648 487
479 601
549 248
254 374
61 174
19 825
701 813
23 769
406 139
728 885
106 841
272 235
574 801
386 383
334 345
210 923
118 560
637 512
488 521
909 881
338 550
628 325
205 660
477 431
760 181
44 278
172 483
724 848
569 913
257 123
538 924
266 251
671 314
395 469
777 90
91 322
69 334
171 298
998 189
711 940
50 741
593 135
825 729
347 109
900 261
59 657
557 242
485 215
107 877
200 345
952 323
241 268
258 792
890 659
265 236
74 868
772 741
563 974
264 980
392 233
835 159
123 145
929 966
511 542
419 996
465 2
982 77
565 91
877 921
824 91
578 137
189 375
389 853
229 662
506 493
677 386
400 434
384 123
407 145
501 310
302 441
412 265
416 844
143 651
95 130
723 685
84 369
801 607
765 774
808 365
520 33
643 989
29 60
190 637
212 29
981 123
148 773
899 199
956 940
95 416
425 844
544 593
430 63
123 571
179 893
573 149
344 939
722 618
257 820
573 262
525 99
309 968
440 793
718 428
365 956
941 243
48 103
728 704
983 536
380 563
858 948
168 407
757 379
44 250
600 442
49 148
693 739
362 981
225 459
729 843
516 815
149 194
372 445
926 394
875 558
328 827
882 510
720 493
612 555
186 991
134 41
836 403
270 537
876 908
650 91
337 972
555 109
108 905
806 590
169 539
668 619
445 958
119 267
502 689
999 401
216 602
753 341
237 188
354 504
891 195
195 728
379 23
489 955
679 58
384 569
259 695
7 761
639 822
557 811
910 101
52 917
201 629
473 248
881 203
942 78
203 35
541 343
411 62
116 25
182 895
727 838
446 532
431 160
956 527
75 890
437 895
234 606
709 759
583 845
554 996
828 139
496 356
832 206
652 345
126 490
537 559
165 726
581 350
488 675
213 570
419 428
224 237
701 853
188 776
763 644
267 411
50 873
930 634
3 421
334 401
49 39
158 707
15 894
287 997
276 266
258 749
757 351
175 874
409 879
509 38
405 219
387 488
401 856
959 277
281 470
232 356
341 590
289 995
401 745
310 859
205 467
812 505
146 845
669 384
135 356
328 952
840 927
270 501
452 504
915 768
589 233
170 2
647 457
116 525
869 73
267 517
217 754
695 477
976 129
831 13
780 803
636 443
638 537
614 643
311 953
177 370
440 173
355 58
462 834
325 670
610 572
421 139
635 83
622 847
715 155
827 565
978 843
706 506
890 143
943 507
752 356
148 991
331 355
631 948
724 266
853 490
377 417
222 722
294 708
156 765
140 218
344 837
170 636
41 811
922 932
207 210
896 997
373 915
824 514
188 438
767 27
36 121
311 33
314 775
560 627
192 343
11 813
508 561
182 310
645 850
851 197
734 116
240 1000
569 271
758 647
50 76
94 987
383 838
59 884
354 892
17 775
195 84
877 624
493 359
510 607
442 569
756 275
416 622
84 477
450 153
256 367
116 570
629 700
976 139
545 303
708 813
105 496
472 525
380 174
592 782
544 609
191 198
268 865
985 721
547 630
19 49
316 360
77 731
962 35
221 496
32 420
655 196
587 658
349 59
882 970
209 636
467 624
359 518
144 573
388 839
463 996
1000 656
854 223
234 662
47 74
140 408
341 361
951 992
74 404
572 507
866 152
719 315
109 910
243 615
614 757
763 552
909 61
433 332
311 359
443 919
457 215
900 599
206 506
120 887
727 812
822 512
552 36
628 727
975 34
113 997
727 669
638 296
89 813
112 634
643 885
598 894
14 799
936 929
478 808
872 575
390 446
449 786
656 288
875 692
676 803
788 357
721 313
906 808
101 164
655 759
305 423
62 152
627 164
172 349
155 849
427 980
263 362
565 742
548 500
876 937
272 711
203 621
242 973
719 621
225 761
134 221
856 881
820 980
622 344
90 169
745 352
769 274
879 107
976 186
833 583
954 548
307 936
966 371
864 527
469 938
388 239
25 691
744 53
742 608
564 320
432 667
307 985
976 472
812 630
815 561
969 874
768 500
473 114
476 855
369 231
222 343
226 778
155 266
639 738
660 713
97 543
522 702
283 110
47 249
274 295
331 346
848 960
952 61
231 509
692 125
701 253
813 995
363 90
787 524
862 48
549 442
979 372
429 875
538 317
405 258
387 267
425 732
634 418
942 475
470 546
965 986
913 823
309 934
287 936
406 148
352 168
211 60
196 296
461 700
340 924
872 975
447 633
572 946
719 13
633 324
500 981
46 345
908 332
817 968
470 549
718 335
21 37
133 571
492 820
755 966
119 631
637 502
103 574
720 494
738 891
833 769
389 355
120 446
862 962
547 835
198 374
475 812
519 153
6 500
124 13
755 622
988 614
994 999
812 308
468 514
220 911
351 439
557 520
542 484
122 909
643 847
499 622
522 880
194 385
398 15
551 511
294 108
769 96
53 679
568 125
627 538
79 639
274 340
647 846
887 325
196 840
126 521
729 175
951 552
80 725
943 196
498 707
821 664
130 509
701 114
938 580
524 653
305 833
692 619
72 596
420 406
480 233
154 102
103 9
782 668
842 139
457 239
610 447
738 360
956 151
393 895
316 310
279 418
46 411
712 659
505 21
895 491
496 978
577 607
337 466
638 352
604 304
879 638
665 172
495 129
49 650
745 382
618 244
712 881
141 671
54 896
702 876
522 404
780 826
637 846
519 479
479 546
86 640
340 880
841 653
654 322
627 156
483 436
105 138
909 965
231 331
111 164
39 139
224 520
450 198
787 317
146 719
418 424
20 340
481 804
857 385
180 402
916 270
520 790
873 943
929 909
423 193
551 18
844 24
807 996
833 297
602 486
143 300
551 483
222 303
796 458
602 393
51 133
861 748
695 896
390 769
692 186
216 115
734 277
97 247
45 560
766 312
321 776
965 751
280 443
347 427
299 489
240 666
743 778
857 799
676 485
625 459
809 156
24 836
226 374
335 392
62 752
917 622
870 902
28 599
519 556
179 594
578 286
770 51
849 522
261 82
745 457
706 833
413 993
31 54
641 262
37 737
976 659
41 742
428 709
709 191
474 352
861 276
662 367
923 881
871 927
840 49
368 818
777 544
281 433
508 246
179 713
702 618
885 688
51 692
603 483
586 767
739 785
494 48
828 784
632 401
906 230
543 751
546 65
547 744
289 232
532 28
903 290
369 442
540 615
668 428
704 925
927 733
388 155
541 75
579 168
605 952
507 133
751 878
184 224
627 692
516 532
583 865
624 670
587 354
548 996
329 630
511 858
956 565
298 315
69 636
730 294
144 589
696 234
915 973
455 387
900 28
813 877
597 182
857 89
584 831
74 405
682 340
459 725
62 434
100 705
925 528
850 167
839 174
770 979
277 577
739 490
627 587
728 89
396 81
587 174
183 827
921 470
919 103
297 428
892 843
557 966
457 214
522 741
206 507
905 830
11 763
504 23
692 722
987 706
534 245
81 5
295 643
436 580
727 668
588 73
395 233
987 627
325 376
420 903
521 907
314 907
804 234
3 525
520 673
334 121
392 704
10 275
608 106
428 149
67 495
654 991
107 990
728 380
613 344
209 2
105 177
56 276
203 620
534 672
372 633
584 417
398 359
973 209
594 262
775 351
962 354
671 414
33 30
786 948
803 622
915 168
534 356
320 558
27 149
26 880
156 243
857 362
361 701
476 848
246 334
728 505
781 593
817 920
360 989
751 587
556 515
498 631
27 247
815 278
339 713
670 527
667 462
948 373
967 59
326 321
623 565
57 588
331 349
39 612
886 137
961 230
796 234
565 492
53 696
192 980
209 906
766 962
880 65
553 61
58 901
60 91
505 508
307 753
434 896
879 790
572 254
945 276
726 627
819 271
239 548
240 718
720 24
693 467
780 418
969 111
735 624
594 900
776 713
719 644
463 349
929 303
129 481
883 851
595 18
337 262
984 539
803 97
715 861
920 259
133 570
334 85
797 579
45 222
964 52
124 697
876 744
146 951
220 324
332 910
828 523
552 605
77 41
665 354
205 105
958 569
309 59
973 704
694 902
473 258
825 981
842 925
419 676
722 439
464 459
123 206
431 761
52 194
473 435
381 522
238 237
646 180
540 687
262 685
529 291
677 578
971 365
369 211
563 943
302 761
565 189
522 704
564 123
565 302
507 826
364 993
610 905
442 887
387 170
637 167
967 31
145 108
917 774
458 253
280 420
80 583
66 998
50 291
678 161
257 731
844 697
60 136
334 987
724 359
504 216
102 610
321 732
677 23
218 844
862 45
130 506
611 239
369 744
499 521
157 979
230 683
932 187
457 29
884 668
44 555
344 905
932 10
129 299
847 441
885 246
887 904
763 646
909 806
527 715
549 271
755 534
554 663
116 36
577 606
482 666
196 412
415 178
201 354
115 228
922 258
779 407
236 796
269 692
573 635
156 118
769 14
907 440
214 458
819 852
949 781
368 870
239 109
902 125
132 234
964 206
968 777
369 268
497 215
302 968
711 660
582 804
971 555
609 922
34 763
117 855
759 648
48 694
88 579
485 463
52 166
643 797
865 925
989 187
521 377
652 981
411 833
782 368
772 334
350 854
470 351
868 134
155 501
377 325
325 557
114 540
387 134
78 899
286 920
307 95
628 825
536 679
4 133
316 151
969 809
305 642
126 554
161 934
643 358
293 161
973 831
316 6
210 513
892 689
83 482
219 738
843 492
58 556
60 494
426 968
904 632
779 580
358 235
740 344
549 338
715 694
594 957
598 737
932 445
127 779
257 227
25 127
686 132
338 14
818 260
272 416
936 967
231 681
963 430
688 121
770 338
845 942
591 190
970 453
599 643
33 678
604 59
904 6
488 788
252 157
751 181
21 318
281 545
428 464
466 543
530 680
414 775
44 691
570 217
403 242
521 443
320 852
319 910
546 94
768 204
458 750
830 286
850 584
719 738
134 867
753 275
702 212
378 296
587 660
210 321
277 908
271 743
284 68
734 724
384 9
654 938
874 987
599 410
329 454
846 105
166 243
328 596
285 735
625 148
313 782
482 175
230 529
88 10
14 310
635 320
883 841
679 512
295 975
956 907
925 896
388 73
748 225
5 994
908 245
981 409
378 718
841 302
715 709
874 725
5 883
766 272
749 990
790 96
224 151
315 64
335 268
12 224
396 263
519 82
10 385
581 54
124 551
667 77
489 102
440 606
497 595
103 391
31 442
315 406
474 325
101 162
284 966
517 752
771 640
849 160
315 524
210 474
27 897
149 584
401 695
772 962
520 852
811 876
149 397
650 418
439 660
671 264
105 321
821 443
570 253
356 214
138 865
285 206
768 168
751 943
960 832
488 373
215 738
293 340
898 982
618 931
303 271
786 855
398 49
610 627
203 171
956 619
192 664
869 754
835 446
912 641
532 390
75 117
493 798
652 707
635 29
636 818
51 252
269 141
414 919
19 410
496 413
497 168
685 407
247 960
729 65
360 764
715 50
843 249
437 792
701 251
942 767
134 968
305 714
508 951
74 25
888 589
460 798
136 700
14 701
533 659
383 486
408 540
724 34
544 612
804 474
398 655
519 561
421 534
922 13
984 766
892 991
931 985
353 940
970 817
789 475
662 91
187 57
81 606
228 667
690 432
968 338
755 682
370 628
465 328
484 508
761 852
693 736
456 149
555 643
408 216
46 718
33 765
42 613
212 548
888 231
137 655
154 631
643 296
883 402
609 659
37 922
43 341
155 831
893 219
17 818
487 814
289 277
579 436
177 920
713 574
879 137
241 934
299 397
854 345
583 629
532 213
293 743
631 361
81 341
134 473
925 482
69 896
476 846
646 324
117 916
82 142
32 494
344 304
308 395
934 451
22 649
167 496
740 438
479 418
62 158
891 34
910 104
507 829
715 240
346 629
482 475
762 829
635 57
568 163
31 762
51 216
145 99
808 445
516 118
807 689
181 660
122 79
685 239
716 43
330 48
957 117
260 987
687 767
130 777
277 632
204 680
409 304
876 250
832 642
993 434
794 133
387 361
118 861
671 729
139 504
983 731
88 480
112 422
478 980
149 815
250 572
732 840
783 892
419 41
823 92
305 259
548 217
732 110
21 71
546 486
529 764
289 887
992 434
264 595
337 3
436 881
241 495
129 171
271 929
57 493
935 510
521 414
773 808
759 538
885 843
86 864
821 499
261 44
959 69
947 517
930 333
864 713
423 776
136 218
982 25
855 773
165 337
863 270
151 898
262 537
782 224
514 898
198 411
38 48
722 845
248 872
764 304
378 247
934 126
717 582
403 514
978 838
703 439
344 42
250 525
53 590
385 370
44 859
338 568
505 89
947 110
661 88
378 960
169 466
888 534
904 795
755 117
911 632
183 721
849 989
923 134
598 516
467 2
378 683
736 457
365 863
956 198
903 585
500 250
693 917
748 288
970 998
386 151
335 168
173 61
945 701
664 564
771 888
274 832
387 611
615 33
686 558
713 41
625 789
718 282
295 511
97 348
228 546
907 249
50 618
716 847
770 339
862 981
650 685
633 499
489 748
642 793
534 299
96 259
152 21
725 856
224 618
543 459
295 178
413 35
750 372
417 32
220 595
262 840
284 304
569 422
878 152
642 682
358 549
514 205
744 342
848 506
783 588
844 175
954 603
591 866
774 22
820 128
144 673
75 507
597 338
13 897
485 708
346 698
539 473
134 707
838 695
986 970
734 356
259 430
500 148
356 710
437 771
630 164
801 544
343 877
259 76
121 69
49 672
804 336
566 915
861 769
205 989
166 557
832 9
409 232
417 821
697 849
554 586
594 527
25 312
852 427
359 165
624 314
489 526
511 510
560 530
443 118
620 846
197 171
443 60
372 135
714 353
819 576
879 688
625 817
419 334
115 223
650 766
374 844
695 66
422 994
407 386
426 481
358 775
393 760
837 765
414 70
716 962
110 337
94 954
935 672
522 263
375 951
930 32
555 469
59 514
522 150
261 322
883 506
854 707
436 984
916 482
650 50
959 12
906 152
871 752
159 692
220 934
985 337
356 318
800 762
123 149
584 131
915 27
679 18
38 158
388 121
100 163
659 30
164 704
346 751
812 565
578 466
139 898
873 758
325 595
397 471
36 617
518 577
151 168
283 16
31 662
624 922
916 772
848 594
134 969
307 263
753 715
330 108
810 402
321 615
88 150
126 498
735 860
495 539
442 405
758 151
226 316
10 753
266 583
73 358
196 644
567 951
571 227
805 878
553 221
628 647
519 560
406 171
41 442
275 860
723 913
336 926
923 620
671 794
822 658
110 672
769 332
681 562
701 559
280 885
340 943
211 287
598 921
470 568
367 427
827 121
560 796
600 557
440 746
928 918
872 685
559 919
608 231
898 631
484 162
622 392
289 948
792 29
721 969
301 677
631 507
336 248
953 458
531 809
380 209
171 214
686 859
212 522
323 403
551 107
556 707
80 140
639 818
507 847
143 469
683 192
864 144
49 812
612 534
365 310
996 292
902 765
62 366
246 475
139 831
903 817
61 78
958 292
341 302
1 675
697 574
865 428
19 663
630 31
268 78
254 291
828 118
685 411
652 292
391 272
84 998
487 427
239 570
19 885
258 455
386 176
546 658
908 13
974 826
266 861
671 321
42 804
774 509
392 779
283 838
582 350
140 709
724 747
973 980
923 662
708 384
674 272
632 320
698 154
777 521
850 945
100 336
781 646
163 922
627 97
955 406
480 630
669 412
120 477
271 928
272 770
224 523
594 661
384 763
223 456
851 839
711 551
696 772
915 226
238 143
392 165
892 152
843 836
762 636
138 536
175 684
863 414
6 414
994 347
103 815
946 164
475 681
360 535
427 247
645 248
550 47
701 177
596 473
338 569
429 910
446 564
931 596
514 596
257 549
863 205
369 569
867 262
141 107
415 348
934 936
580 836
390 537
504 143
891 525
729 346
141 252
737 871
81 763
541 891
672 758
107 427
76 954
645 717
546 694
253 782
590 695
686 138
819 615
399 575
600 630
844 776
451 196
439 100
438 450
153 338
673 539
15 636
292 643
479 515
65 715
944 210
107 345
915 947
128 15
989 638
225 721
65 612
10 47
728 785
824 503
707 66
716 268
788 129
332 5
868 87
222 570
462 896
608 713
33 224
772 669
797 254
800 846
854 497
251 44
271 203
221 908
757 746
829 717
109 43
764 486
271 300
401 166
646 412
133 359
299 515
70 706
877 210
153 694
687 817
231 469
485 933
1 133
603 572
921 697
353 335
939 576
796 207
368 384
452 533
862 88
192 122
856 17
625 500
532 800
724 8
981 423
658 906
736 470
741 843
903 428
481 205
745 648
546 875
603 870
35 242
935 799
349 462
336 947
559 303
174 267
125 390
668 363
159 93
487 320
71 641
292 882
85 969
102 25
528 64
318 577
309 258
188 641
747 626
414 71
238 267
314 347
483 608
870 380
673 912
600 880
570 8
223 610
208 185
601 694
158 219
55 625
884 479
426 147
725 605
284 277
158 362
626 178
328 625
186 627
740 190
812 739
9 26
686 828
981 692
618 542
894 931
271 190
527 214
294 245
162 28
919 595
668 337
200 215
947 794
35 884
654 1
465 110
553 759
977 708
316 891
498 626
688 654
449 158
967 52
464 913
113 265
425 917
528 962
710 478
749 380
461 48
95 286
351 928
935 342
265 909
491 37
165 940
738 126
169 297
577 420
761 199
407 995
156 852
183 792
295 834
457 247
261 975
904 562
736 766
947 500
607 550
595 422
941 238
689 157
27 594
231 786
343 692
901 768
85 586
500 977
157 560
943 105
231 867
454 426
573 596
512 720
140 689
626 530
901 723
955 284
450 476
306 792
439 532
343 248
181 205
717 395
360 96
904 455
206 547
51 542
95 809
96 665
890 547
564 288
323 402
534 796
612 20
995 356
743 962
651 592
507 846
859 405
437 567
995 245
635 74
208 624
407 176
64 399
588 979
496 443
811 193
360 730
804 651
397 75
292 359
848 575
672 269
905 786
967 318
226 366
524 649
740 134
782 753
732 548
625 444
5 779
426 979
183 910
406 197
870 926
266 632
657 211
841 228
698 615
991 618
870 873
301 34
874 356
91 887
571 332
220 150
810 824
225 264
706 889
836 824
908 413
70 496
292 906
167 526
900 841
723 486
254 476
304 104
824 783
487 537
551 740
698 808
438 487
276 390
372 367
263 136
747 429
969 109
591 340
388 623
794 758
262 64
180 713
256 233
462 570
638 691
894 537
437 919
937 388
178 760
542 264
644 493
772 698
973 359
285 805
214 117
342 190
74 520
471 542
997 498
284 99
322 298
933 858
311 858
99 36
523 646
929 739
951 874
972 263
867 43
451 988
506 145
847 602
118 98
84 746
527 884
571 684
103 318
737 644
913 977
848 682
832 47
249 979
567 585
127 982
97 7
335 5
606 896
718 638
40 353
480 120
581 374
177 56
434 553
514 153
664 566
352 34
225 276
444 626
46 298
729 740
549 433
417 327
331 896
859 706
861 272
183 260
701 834
154 570
873 418
493 746
51 922
343 66
440 675
404 454
579 336
124 339
713 410
146 525
589 311
890 790
941 762
393 956
121 807
12 658
713 619
237 861
6 432
464 7
61 576
483 178
213 261
421 389
249 289
686 912
303 372
622 18
365 219
132 140
207 712
208 794
687 722
530 8
173 546
198 389
180 144
790 729
223 82
17 469
679 479
117 364
193 180
49 567
5 717
870 757
598 324
69 410
16 282
749 296
917 940
700 300
5 606
286 661
433 327
435 401
537 633
524 849
173 435
106 179
32 690
144 412
864 267
455 848
116 488
957 526
334 560
862 661
295 524
922 214
372 129
444 534
29 608
513 307
497 592
526 434
909 589
751 500
907 116
746 148
417 224
514 458
325 420
102 465
129 212
521 762
388 551
685 823
372 470
599 785
50 942
930 62
555 471
315 638
926 178
195 452
307 574
74 799
272 843
609 598
611 774
833 602
890 669
851 657
301 720
413 438
643 969
751 936
989 867
206 631
449 450
843 702
89 148
911 73
240 344
332 264
668 338
971 163
365 336
203 61
5 271
44 567
327 148
645 319
39 608
443 635
745 710
730 425
109 988
313 815
814 457
639 348
294 513
614 650
761 198
409 345
969 305
383 483
439 397
685 437
80 780
673 178
283 673
838 93
657 725
399 803
550 673
678 490
135 805
905 862
466 124
249 884
430 803
583 427
201 249
827 157
974 988
666 21
978 483
704 541
271 73
606 747
779 990
297 831
390 268
817 48
211 289
659 821
767 828
370 450
99 768
779 508
765 203
784 342
608 10
111 937
183 332
996 481
211 639
233 987
94 916
419 586
628 244
264 521
176 373
730 644
180 357
664 42
792 31
134 178
29 904
824 432
200 458
39 115
228 56
394 406
877 853
787 405
361 260
795 622
741 230
912 962
822 651
687 397
609 860
773 59
652 956
725 338
291 465
553 577
276 756
65 111
1000 350
393 432
325 565
706 835
807 733
353 404
886 894
703 412
481 565
398 818
882 753
47 9
140 210
360 731
89 259
438 670
899 152
792 473
41 160
248 412
411 338
504 508
92 533
370 979
670 920
785 178
469 569
509 508
329 78
875 55
657 376
755 621
64 284
852 493
671 875
638 282
654 607
749 931
291 23
789 508
25 103
614 355
659 489
415 190
328 16
663 644
504 305
106 429
128 775
440 537
594 134
613 442
580 181
319 291
525 756
37 58
57 272
315 728
651 34
486 419
713 509
570 94
20 115
574 223
686 552
443 587
980 845
765 49
146 697
756 692
555 554
834 714
980 956
968 924
769 349
110 105
764 583
573 701
981 762
878 114
471 680
754 4
527 207
989 407
30 761
288 8
821 146
610 583
916 762
132 169
481 537
632 711
100 869
51 283
481 330
130 918
99 231
167 794
888 827
209 820
838 729
568 397
731 939
61 105
662 619
239 968
238 713
574 167
558 552
706 359
943 118
675 972
417 972
397 110
515 825
526 437
658 789
92 761
202 105
991 683
435 801
444 190
83 486
157 947
265 853
641 974
188 187
743 139
226 574
509 369
296 780
741 934
813 345
923 441
729 634
515 211
774 588
633 150
382 735
727 612
133 791
808 247
736 153
954 192
167 557
222 680
98 906
941 70
484 439
525 647
489 31
515 497
42 937
244 279
82 406
985 799
664 836
167 787
155 843
484 149
214 490
327 585
608 161
609 728
385 406
834 703
465 192
428 460
547 798
786 570
385 519
669 239
229 776
368 612
977 830
427 285
484 858
801 8
418 376
136 249
9 77
7 686
359 943
289 461
551 45
276 782
77 678
552 193
490 957
305 921
972 213
22 692
702 58
958 384
230 811
624 738
951 841
35 368
373 785
382 577
454 50
460 615
984 89
468 106
762 254
643 326
15 483
101 486
520 155
758 31
652 392
11 528
728 94
877 387
202 397
980 124
66 716
35 359
272 83
499 370
944 549
782 601
802 690
400 823
352 80
851 118
852 293
638 338
31 128
569 809
951 467
894 898
577 538
392 886
653 357
346 485
510 61
314 7
6 849
233 109
769 217
951 241
898 511
144 397
976 515
394 318
615 292
512 357
91 456
453 737
59 662
45 1000
551 909
648 931
190 383
872 338
393 991
447 148
207 824
967 605
952 330
722 748
473 54
233 681
915 175
485 515
651 566
490 782
551 465
368 366
39 317
117 557
152 607
800 987
854 74
570 584
809 771
882 891
978 890
891 907
398 855
39 611
489 68
479 360
249 319
911 671
917 862
352 560
316 91
524 528
562 351
9 549
514 874
665 177
554 779
477 968
340 448
503 660
348 859
519 924
685 436
690 74
425 631
938 986
596 96
136 926
453 447
983 672
657 300
759 426
568 897
54 668
33 559
286 171
637 573
713 21
452 975
954 265
257 47
23 512
247 882
300 139
599 609
529 635
76 674
354 988
206 101
427 796
46 722
159 337
242 777
794 656
615 328
585 269
324 295
254 928
38 765
246 880
673 946
224 610
403 46
575 140
735 20
405 644
657 759
752 691
380 236
911 855
811 106
426 4
134 477
191 260
618 624
327 452
934 372
9 901
104 261
696 73
459 37
236 112
526 781
899 162
964 826
469 132
200 903
648 187
985 94
736 852
80 572
613 622
446 543
140 350
568 353
877 297
1 672
53 743
813 961
508 983
568 720
400 194
504 968
549 40
795 112
258 83
361 700
923 977
55 160
865 252
304 268
106 136
510 110
24 699
685 186
776 746
644 942
790 148
314 76
885 275
593 962
210 237
638 245
510 328
665 39
29 728
546 482
530 927
452 193
399 506
23 599
431 981
628 201
186 356
24 119
208 244
669 409
337 912
287 550
592 650
851 731
319 913
603 10
517 179
750 463
218 36
682 919
627 501
461 448
854 377
621 674
772 676
699 652
739 939
409 337
596 800
574 442
947 694
730 42
243 508
588 536
830 512
132 170
669 989
507 876
324 512
260 246
9 818
284 236
415 938
41 481
557 921
248 731
469 744
517 315
44 855
933 691
155 22
6 712
235 964
731 987
827 536
809 117
995 525
832 178
830 925
781 199
602 548
641 860
36 898
871 320
429 173
642 318
25 288
373 368
376 460
733 400
201 39
597 577
600 347
174 242
860 527
180 875
508 584
736 299
185 539
149 944
922 240
686 137
581 93
895 317
272 421
275 518
132 901
205 377
371 113
390 469
104 596
214 521
824 813
509 963
427 848
263 238
548 328
733 852
185 870
702 669
243 216
315 743
9 432
73 569
493 352
989 635
973 86
295 174
941 760
507 460
237 859
592 886
794 77
214 181
308 186
807 160
648 567
777 149
725 567
854 389
882 114
561 655
49 50
883 384
302 570
130 635
41 332
355 172
473 825
443 227
98 150
943 420
196 895
791 848
903 890
524 621
515 882
473 987
425 856
502 350
535 476
922 899
891 42
140 68
92 333
260 701
300 898
687 374
429 34
837 165
729 548
386 747
552 43
755 548
754 264
941 135
49 23
430 884
732 780
510 166
167 579
168 419
6 967
816 383
85 982
637 649
823 20
508 285
538 996
713 346
381 60
897 3
422 998
977 349
447 433
450 503
418 153
493 435
389 264
195 57
935 301
30 389
255 862
396 519
629 665
902 201
606 354
781 792
391 588
342 26
995 508
838 858
52 155
308 13
860 754
599 682
515 644
32 455
35 1000
604 719
704 528
200 797
75 411
739 880
298 374
985 152
216 275
473 228
632 879
782 79
160 490
342 966
71 252
532 626
922 594
668 114
249 318
378 922
45 323
371 795
781 190
875 303
785 59
269 106
317 894
72 661
141 176
491 183
978 703
259 757
581 354
895 6
165 651
719 244
373 296
410 290
541 638
675 370
755 512
614 325
742 270
706 784
533 993
720 808
457 982
181 289
974 845
405 94
279 629
928 933
768 734
401 987
914 948
510 301
371 41
730 608
141 709
950 101
642 810
382 363
845 881
48 467
767 289
305 452
586 607
73 608
718 112
966 868
357 440
51 837
723 928
841 619
627 54
441 117
371 756
103 789
968 866
453 998
975 865
302 801
759 493
740 93
636 30
798 885
90 438
146 388
892 277
425 331
471 996
395 992
829 754
208 740
317 478
579 100
417 808
630 454
460 458
298 509
248 704
545 788
58 833
990 974
661 886
79 757
479 335
709 622
179 131
697 578
809 24
574 280
154 335
306 2
877 441
404 651
222 886
482 963
429 840
109 736
681 487
757 148
22 122
429 217
503 1000
435 632
645 725
580 514
836 916
896 577
310 279
903 262
273 711
983 564
558 424
928 961
158 858
713 129
788 693
606 596
14 329
428 196
493 490
629 910
731 309
919 743
370 198
464 143
797 323
979 544
547 868
713 588
641 255
402 717
59 590
190 308
341 936
858 194
821 510
26 912
777 888
579 36
337 689
998 558
947 520
414 975
109 461
19 29
475 559
620 832
562 849
526 972
303 349
506 331
490 820
262 567
185 374
759 420
743 995
669 988
906 446
342 927
553 716
902 733
96 56
750 757
506 156
517 314
852 847
446 568
486 709
183 703
504 804
654 364
398 558
24 843
810 598
157 945
69 197
839 993
350 359
143 798
719 319
187 390
888 761
409 128
242 454
818 220
378 551
830 223
842 214
201 38
274 810
793 810
803 998
709 390
512 974
794 388
67 359
799 149
233 230
605 70
625 776
607 648
955 123
980 542
50 615
246 507
611 425
435 995
387 772
872 602
855 371
452 294
806 861
399 473
475 79
133 653
371 910
233 913
696 599
826 230
727 170
711 737
824 507
381 490
453 813
974 321
561 940
623 90
517 969
168 711
412 233
161 431
215 945
273 693
846 558
70 155
843 868
388 17
817 885
95 949
933 891
700 602
882 853
748 168
42 156
800 32
535 648
203 483
91 449
84 358
467 342
584 806
508 937
507 710
644 919
61 227
390 987
301 308
108 194
273 275
635 652
637 821
412 994
559 874
170 828
512 827
868 852
126 181
439 72
158 177
157 695
250 625
289 615
72 881
895 323
163 26
951 45
429 451
323 217
81 790
46 692
432 248
465 493
73 762
129 184
396 795
599 995
962 552
889 632
377 32
487 947
594 479
208 302
501 935
281 406
267 871
786 653
825 849
986 650
116 990
149 445
449 677
450 150
54 284
741 809
665 681
498 170
775 340
968 982
346 982
281 801
502 733
507 201
109 405
626 1
241 101
829 636
260 425
268 75
834 978
892 220
694 590
713 722
75 410
238 826
991 152
92 125
56 811
833 594
291 706
860 785
499 871
982 292
730 261
843 110
804 434
990 979
578 241
100 541
50 310
801 598
913 124
737 592
147 580
114 945
751 684
26 319
10 920
646 227
406 66
944 997
282 212
176 639
340 450
982 150
491 182
878 838
827 944
760 397
782 612
70 238
236 642
235 137
700 17
61 489
253 833
788 956
555 950
681 676
6 529
228 641
282 281
763 864
168 384
304 64
358 407
713 228
487 753
181 390
698 784
168 559
902 366
704 481
871 847
360 311
710 715
487 582
699 166
726 171
268 694
371 985
172 222
618 442
966 427
12 631
661 110
719 728
926 2
910 903
180 352
785 962
200 382
347 241
479 980
560 462
262 890
327 672
973 238
21 737
795 754
150 975
869 429
470 656
543 684
262 676
105 577
677 587
215 668
218 352
717 890
385 879
906 411
963 710
51 256
576 737
204 226
759 112
355 150
502 987
216 240
92 835
147 642
666 926
523 751
303 15
964 843
734 289
653 773
710 318
930 854
440 941
779 883
41 356
821 736
535 406
266 780
245 62
836 759
892 795
473 643
771 100
330 284
359 155
895 37
399 768
680 42
384 487
262 504
788 592
76 994
333 911
337 458
176 968
31 90
246 400
496 57
36 300
609 102
101 258
709 195
949 628
931 217
128 794
93 702
479 645
116 193
962 737
923 877
413 823
767 930
811 908
620 704
163 897
348 387
21 291
3 872
632 270
889 673
546 194
911 462
713 627
973 1
868 809
82 610
582 799
531 731
915 888
744 230
711 546
52 173
346 910
935 218
587 737
164 694
717 798
95 926
531 38
659 93
551 411
252 538
476 646
123 747
387 143
812 852
106 647
268 698
144 1000
252 905
329 444
408 781
575 759
390 877
796 224
100 725
709 577
888 964
178 139
16 306
749 320
575 748
516 231
682 662
682 267
957 403
889 453
118 913
62 433
732 661
749 721
299 801
59 485
944 941
988 828
714 11
309 885
774 801
97 27
940 569
482 599
430 239
383 309
774 688
67 86
196 360
289 602
400 861
202 729
580 502
652 43
799 148
547 199
345 803
82 725
666 251
650 708
868 84
465 394
29 521
547 84
159 154
128 230
721 651
813 137
997 892
929 500
395 304
750 540
321 492
20 931
685 975
870 341
319 209
547 946
252 148
328 892
274 959
976 824
765 466
962 473
67 861
989 746
385 516
224 556
560 406
711 625
147 254
419 869
43 945
640 93
511 620
147 111
590 385
593 483
170 52
868 35
931 164
686 916
467 650
160 226
891 115
786 612
941 638
877 60
588 49
772 440
351 149
668 249
820 428
52 854
273 103
881 138
429 604
513 493
621 200
918 391
308 623
537 803
796 196
446 981
456 270
605 628
507 729
736 653
573 22
762 81
266 730
549 263
178 62
714 220
737 789
878 76
747 83
434 871
809 369
540 490
911 55
11 755
303 635
222 617
802 589
175 573
508 622
42 854
82 87
825 517
457 905
519 377
153 384
745 318
146 435
107 569
898 44
855 868
870 486
431 798
603 313
825 743
935 350
167 816
613 320
941 329
194 974
195 59
68 971
362 552
128 480
129 857
459 510
354 648
234 622
815 730
372 752
502 675
551 236
739 916
591 735
977 799
869 281
820 243
234 768
366 381
994 570
646 339
428 864
583 684
434 485
17 651
90 323
88 643
905 164
771 855
907 786
482 679
256 640
170 330
613 742
942 548
88 975
335 611
346 523
754 444
614 940
248 804
136 325
765 796
35 601
673 709
320 17
249 173
398 628
957 475
351 572
562 301
641 922
453 108
625 395
457 105
197 87
254 408
291 238
109 651
93 6
221 113
520 920
49 416
712 608
641 676
913 703
571 41
644 569
3 435
957 558
326 551
76 846
480 403
79 373
525 379
233 189
486 345
489 75
751 423
93 857
298 611
376 851
380 811
641 503
79 395
742 249
157 301
414 164
936 676
115 104
342 346
696 767
569 375
185 126
540 560
208 41
959 46
582 835
451 960
682 833
241 183
21 593
621 332
437 641
597 419
389 814
800 907
749 168
363 501
900 190
394 918
911 990
143 320
151 853
209 716
800 105
655 293
622 808
588 968
455 323
498 738
451 20
344 196
17 34
182 740
553 496
572 436
277 528
154 333
282 134
908 854
141 65
593 768
577 411
904 757
179 931
184 843
295 797
6 720
581 743
558 629
782 613
931 877
606 937
314 873
10 622
515 45
733 58
681 647
922 155
300 219
21 223
997 758
586 927
309 724
129 118
231 531
825 686
219 203
661 16
789 75
555 299
302 919
918 528
189 640
671 312
309 103
133 841
318 463
891 411
708 819
86 891
953 44
347 333
189 610
134 301
253 706
982 161
108 630
554 360
830 501
246 991
179 293
786 775
241 44
791 75
616 176
688 621
63 383
251 247
492 251
539 498
591 949
722 836
999 708
356 602
967 106
532 581
649 231
928 433
605 766
326 385
148 993
459 800
888 942
575 758
65 361
838 364
951 519
75 784
368 230
574 314
244 953
118 918
834 479
6 703
891 658
250 278
886 874
614 598
390 908
338 341
799 103
741 849
89 942
642 428
571 510
97 489
103 181
569 15
168 458
956 291
480 492
46 303
875 821
344 651
36 321
555 691
461 972
278 642
500 790
449 780
401 929
243 44
832 543
779 56
485 87
152 713
572 593
721 873
663 906
668 784
335 757
676 535
954 913
427 115
409 540
342 386
396 814
309 123
29 76
51 556
308 133
399 110
773 349
901 424
117 819
686 810
873 993
341 827
575 86
742 717
377 527
602 80
57 861
991 166
649 33
522 817
193 109
297 386
354 278
579 945
433 527
855 516
179 479
164 393
825 465
921 786
800 932
8 149
748 191
621 199
531 291
365 393
95 288
361 974
381 331
311 456
938 626
922 799
727 960
287 355
350 257
278 98
482 905
675 714
931 852
932 251
59 369
80 948
32 695
399 891
187 21
539 718
390 650
177 95
71 895
276 357
206 226
561 433
104 548
176 913
626 665
571 248
124 649
883 314
386 404
775 914
228 973
284 943
28 961
159 377
533 172
760 926
153 304
998 168
525 568
306 878
533 29
347 102
214 544
64 772
674 453
958 917
581 626
582 725
25 520
155 585
1000 58
237 205
698 289
682 874
5 199
133 18
30 682
360 271
380 315
113 80
683 76
483 34
14 222
342 537
21 798
151 963
905 171
504 674
195 519
307 193
476 728
579 369
241 572
407 170
523 709
563 304
47 131
568 323
277 650
244 723
504 896
731 727
288 385
472 478
970 357
595 817
628 889
539 216
278 300
409 435
709 536
34 38
92 526
365 766
576 835
848 728
796 856
527 984
274 590
524 518
80 769
376 408
32 612
323 328
611 984
595 319
443 58
999 33
199 785
469 770
399 863
814 910
317 718
780 42
547 305
659 971
241 776
281 165
601 480
253 161
146 797
371 690
81 880
814 872
599 722
768 832
881 969
292 626
625 474
637 396
710 600
915 896
21 269
890 984
319 232
966 769
146 590
277 397
132 525
538 520
348 887
46 803
927 638
950 309
423 143
480 847
212 930
233 649
91 871
578 367
614 579
458 433
777 35
262 565
105 720
796 916
713 913
511 692
113 205
991 254
541 187
526 785
929 729
911 985
199 27
274 494
972 281
852 967
122 228
886 226
248 562
924 459
140 346
839 216
1 676
936 265
863 214
112 359
939 654
834 504
728 107
691 97
965 642
914 320
421 720
169 271
813 590
407 797
361 535
668 420
127 56
862 421
991 388
974 611
334 706
649 646
444 262
301 395
419 64
850 356
392 980
340 710
837 177
953 661
340 383
477 379
206 171
617 512
852 345
139 222
196 389
644 775
325 295
943 755
858 653
679 100
922 442
10 208
599 758
965 953
223 642
51 821
418 220
536 423
101 115
194 823
141 968
493 265
935 502
630 970
670 377
690 867
363 805
807 184
223 305
425 394
542 739
6 345
815 669
172 625
108 631
551 183
373 223
792 286
388 169
561 615
659 238
19 143
608 547
658 378
820 91
517 5
668 151
411 102
527 92
456 861
971 110
476 640
293 118
95 190
425 70
136 399
467 447
416 655
274 357
297 156
227 351
890 5
835 668
74 502
611 165
460 719
299 716
197 268
108 217
737 783
629 265
903 560
740 918
745 772
466 287
672 670
16 466
913 868
734 204
207 84
488 650
589 796
487 757
348 910
818 170
33 994
289 600
126 239
591 99
258 341
671 987
292 980
594 165
56 642
927 242
896 334
1 110
864 50
160 448
372 329
104 743
289 811
732 505
256 92
220 261
977 390
318 654
208 461
582 607
509 801
275 345
4 633
404 435
333 499
595 928
620 593
285 112
806 562
823 752
603 106
795 581
502 756
640 399
109 430
510 951
246 713
750 542
123 126
380 391
330 700
810 98
223 203
796 433
448 303
467 637
677 402
109 208
990 875
3 734
985 849
476 612
921 122
89 461
142 321
914 230
681 241
535 762
296 145
973 841
545 937
800 257
583 14
586 318
719 510
871 275
526 410
589 990
164 255
222 845
102 733
377 207
16 62
257 804
352 486
885 4
616 775
546 866
374 523
430 777
250 843
396 425
168 870
59 225
758 941
453 313
442 74
633 181
48 205
358 494
451 280
792 57
146 822
474 731
736 186
439 875
352 179
745 316
908 306
656 283
159 376
401 908
435 960
385 299
312 400
225 645
137 747
484 182
198 908
552 948
772 971
573 924
613 223
279 202
981 603
768 50
392 262
265 24
543 693
985 649
217 823
730 822
631 730
516 362
207 916
890 534
526 536
32 364
488 382
203 213
350 900
962 26
446 443
88 691
126 943
17 649
271 308
679 155
792 453
920 570
507 406
566 523
41 849
278 451
56 340
69 582
753 993
960 169
23 373
960 261
541 504
70 944
342 565
550 110
735 934
807 533
369 617
286 872
359 402
469 446
147 12
795 482
715 267
75 936
738 232
26 220
944 631
687 161
546 791
512 875
549 128
348 967
59 156
953 888
610 257
131 648
976 245
537 490
426 683
427 766
634 762
736 70
992 48
255 904
688 913
362 872
395 183
205 398
760 955
462 263
928 647
124 290
15 701
841 670
551 991
94 926
257 381
702 601
298 643
637 124
949 160
440 464
568 200
428 401
972 854
223 476
426 126
933 589
660 907
864 550
298 52
405 752
320 516
952 73
5 75
446 343
798 648
565 131
109 7
829 270
556 586
815 335
428 981
368 30
646 496
601 192
213 138
285 749
326 411
648 15
832 316
649 858
133 457
740 9
984 103
934 488
674 767
230 726
207 641
849 1000
648 365
153 913
136 577
675 564
744 819
676 347
948 736
482 590
301 394
213 718
774 715
707 756
192 327
50 797
880 980
475 296
466 237
908 404
305 169
163 215
880 547
811 739
81 962
500 828
712 892
401 955
680 474
55 498
883 245
462 496
858 573
250 918
826 95
366 780
348 495
99 153
684 401
354 876
814 756
393 824
964 161
802 196
306 670
357 472
929 207
713 624
698 388
426 195
63 10
998 595
548 646
399 20
539 825
756 545
775 409
688 257
907 737
233 612
566 294
289 330
256 445
494 381
227 130
292 634
751 863
740 460
412 423
109 235
483 573
105 860
454 185
963 231
703 446
674 656
342 514
826 983
424 395
118 101
876 49
397 104
331 308
19 586
884 548
44 739
101 798
544 251
49 691
361 609
841 431
549 102
786 344
1 560
130 468
494 923
614 596
942 431
652 554
286 563
988 441
865 162
404 538
49 635
339 199
759 913
838 159
484 64
594 947
171 910
262 475
211 385
653 234
414 294
822 675
862 672
901 816
975 451
465 382
710 884
162 310
490 219
456 71
795 63
917 454
314 109
331 953
813 117
318 941
998 51
380 766
58 118
59 787
43 502
462 460
979 738
256 430
56 523
718 61
777 557
299 145
259 893
110 301
926 89
106 911
864 896
994 819
224 559
647 289
255 822
660 988
925 208
977 816
945 820
677 703
623 215
40 716
664 262
640 319
577 760
212 461
863 341
442 979
544 347
484 678
99 43
865 657
791 649
792 537
976 278
522 654
598 125
912 558
288 264
877 202
949 5
835 248
187 377
188 273
117 373
248 764
794 131
604 855
490 601
640 972
644 12
792 823
540 173
913 37
861 999
292 422
420 243
629 379
667 82
46 141
794 236
641 947
344 813
1 540
643 221
889 87
447 875
930 313
74 205
292 132
75 540
28 654
490 29
611 527
116 503
63 680
299 311
486 33
986 446
253 810
14 888
399 746
760 194
651 309
45 94
162 346
423 788
257 118
341 208
850 79
858 578
659 655
36 502
746 811
996 500
867 964
500 667
964 106
305 467
107 971
20 66
228 759
798 209
241 100
579 450
708 230
127 784
492 633
294 259
323 273
256 502
859 425
85 375
200 691
369 44
425 338
833 381
815 453
691 587
912 876
342 249
644 307
759 104
905 169
908 760
363 653
568 109
257 210
765 936
416 857
895 862
805 418
867 249
14 280
314 638
637 868
467 84
908 189
794 183
106 67
409 211
616 725
671 751
389 934
18 585
516 472
75 568
168 358
758 799
904 570
248 212
818 224
992 211
554 678
41 521
704 199
372 125
563 652
305 140
659 973
591 90
150 276
153 496
963 451
860 73
802 772
96 230
81 886
867 915
851 374
290 26
254 859
440 755
334 211
889 536
160 754
661 106
935 383
371 842
546 186
477 679
938 432
800 98
587 923
548 611
255 889
657 815
336 241
857 433
588 263
873 425
761 845
711 459
753 209
181 792
789 601
226 691
160 294
731 678
329 682
331 360
972 132
958 988
526 791
599 487
622 956
364 980
223 5
621 252
397 498
956 871
8 175
706 282
246 67
283 503
784 688
748 129
341 309
756 183
435 304
990 66
38 383
259 126
185 146
597 996
765 823
628 974
496 657
867 354
836 755
526 339
784 862
969 470
788 894
463 484
344 916
328 313
11 685
292 220
463 405
287 91
70 345
608 848
936 839
942 221
541 582
162 275
948 950
186 157
847 160
676 792
680 475
112 781
98 848
816 139
263 128
358 262
272 605
646 835
30 36
488 251
342 266
509 795
989 529
516 903
912 367
392 481
980 852
901 288
584 484
986 440
473 363
327 640
453 965
459 264
688 258
428 517
69 985
967 944
346 906
627 311
43 998
925 476
674 860
159 772
643 663
899 545
864 690
66 140
449 60
677 508
169 535
75 422
203 109
61 903
17 481
291 670
436 477
648 93
153 673
265 531
982 352
787 882
460 634
45 548
448 18
984 68
257 572
274 754
115 736
683 594
669 189
925 945
567 909
917 513
535 438
244 811
71 578
605 270
992 957
409 148
68 392
231 108
13 313
126 130
384 455
662 942
455 868
23 864
64 383
690 415
345 950
605 208
737 88
646 626
991 967
334 510
232 512
429 474
323 875
287 159
490 216
842 194
49 207
527 341
625 924
555 709
51 388
868 516
559 993
449 946
327 945
738 836
116 848
523 48
963 185
396 858
823 861
864 786
172 817
67 29
845 274
471 359
59 11
466 46
78 447
315 987
523 286
164 650
329 951
734 929
7 679
302 717
213 510
86 100
592 25
403 330
616 175
764 511
341 26
181 705
238 914
921 870
902 547
924 111
854 69
982 285
951 838
57 572
674 693
64 159
445 302
763 287
353 667
577 471
631 796
691 91
69 275
36 940
892 863
399 983
267 87
718 563
24 987
296 832
529 632
148 277
323 553
430 783
92 506
394 273
984 668
236 953
20 766
976 732
59 80
202 608
802 952
732 185
428 5
577 908
56 697
328 958
488 808
662 263
149 176
867 967
851 458
413 251
327 917
399 312
898 617
778 147
889 748
387 139
418 47
432 987
113 666
21 359
599 926
772 52
858 276
531 678
792 186
77 912
354 631
102 557
696 854
159 702
133 31
742 541
47 569
954 69
359 819
734 925
593 451
665 974
660 370
895 746
408 78
100 804
999 696
411 947
485 750
970 398
843 916
735 130
772 408
611 432
995 81
959 970
913 230
161 537
169 118
387 203
812 792
706 311
943 70
601 27
657 217
878 617
682 316
294 643
120 595
709 517
265 948
189 833
602 631
572 422
173 885
266 762
236 360
516 330
311 350
162 126
543 418
260 520
390 587
603 812
585 873
235 160
805 788
218 926
791 193
867 551
106 159
325 447
771 813
168 502
318 776
762 450
780 37
49 53
512 907
646 570
442 108
704 375
928 955
46 362
33 537
962 662
421 823
219 227
798 163
232 374
964 79
656 648
140 569
70 16
702 607
538 740
615 470
584 122
16 646
55 575
793 466
778 6
906 211
671 465
317 910
531 706
642 761
312 140
366 451
650 220
82 522
781 647
701 112
330 611
419 910
830 428
557 652
815 472
657 522
485 689
622 842
453 779
946 552
734 667
971 71
264 171
821 969
556 435
501 732
28 307
587 592
848 552
779 886
247 558
982 551
126 389
152 342
127 84
109 585
221 399
921 489
500 378
944 568
217 781
362 359
145 267
314 642
850 464
575 781
840 582
254 440
776 514
542 693
944 740
837 103
639 47
736 262
992 240
332 74
633 130
561 365
562 190
619 435
250 690
932 284
970 683
664 594
888 48
962 843
266 210
818 487
967 901
487 528
806 984
298 579
615 276
598 707
196 166
508 368
148 65
349 576
703 689
537 354
823 888
646 979
149 345
277 167
543 361
30 436
698 386
601 757
911 378
414 934
573 415
901 432
280 390
413 374
397 593
15 38
735 407
94 549
479 213
155 675
658 310
986 219
410 336
330 647
955 876
522 793
725 382
623 340
261 680
20 619
365 383
38 47
151 772
772 260
428 955
468 888
949 156
203 619
78 911
212 389
506 259
938 779
778 848
49 544
909 442
88 58
126 598
736 742
349 173
921 596
313 879
425 869
758 186
853 734
604 461
328 455
774 794
650 796
923 256
681 342
738 257
962 909
136 861
67 563
713 69
333 175
149 953
131 706
79 184
500 995
984 560
343 375
842 434
240 386
543 158
653 458
927 255
56 670
29 744
295 321
742 42
104 746
699 229
257 266
704 605
279 921
331 135
879 500
713 286
650 434
669 374
447 372
603 510
530 936
716 695
973 32
521 423
225 856
407 234
104 23
985 690
643 980
682 882
313 237
575 205
216 480
198 720
458 969
467 657
369 151
484 672
490 933
217 107
991 51
811 329
75 186
472 87
299 991
517 503
918 584
799 797
514 671
731 911
678 138
790 560
593 930
577 37
766 979
141 52
425 833
784 776
936 83
938 513
957 291
106 809
966 435
469 761
754 215
344 589
936 881
41 531
940 681
357 969
747 177
509 158
931 498
686 172
563 547
68 131
451 285
234 151
452 98
331 935
409 817
779 864
59 817
885 581
980 687
694 149
971 816
309 441
634 51
854 623
124 392
198 899
162 173
418 259
627 35
114 178
573 921
133 892
798 102
389 386
204 679
564 560
